0.000000000000000000e+00 1.000000000000000000e+00 0.000000000000000000e+00 0.000000000000000000e+00 3.048823614751488975e+01 4.217062301085756815e+01 1.285714285714285587e-01 3.917243199162099643e+01 5.185258068143491217e-01 3.700497512437810776e+00 3.822535211267606314e+01 5.965116279069767602e-01 2.769909229684406071e+01 4.419356063704794479e+01 1.595487684702332487e+00 2.824773046526278808e-01 3.489373586378311520e-01 1.870470562639594547e+00 2.921999231131393593e+00
0.000000000000000000e+00 1.000000000000000000e+00 0.000000000000000000e+00 0.000000000000000000e+00 2.271006693694054945e+01 3.842489564668367308e+01 1.025641025641025605e-01 3.648319409130577640e+01 3.726598375132461616e-01 2.456349206349206504e+00 4.645569620253164445e+00 4.972375690607734877e-01 2.579751394130729736e+01 4.126847347531102628e+01 1.599707381463274958e+00 2.984947819461961638e-01 3.540316067387212495e-01 1.841843146697634381e+00 2.897101850767314968e+00
1.000000000000000000e+00 1.000000000000000000e+00 0.000000000000000000e+00 1.000000000000000000e+00 6.953485204575390810e+01 1.005345997189246816e+02 7.567567567567567988e-01 8.330466040670745542e+01 3.695747338606791832e-01 2.217918622848200183e+00 4.150666666666666771e+01 7.065455296303944088e-01 5.890529027802533335e+01 5.687296343648448982e+01 9.654983986676149987e-01 2.806796393170085113e-01 3.457494352062548959e-01 1.868904160470956644e+00 2.906958630475624972e+00
1.000000000000000000e+00 1.000000000000000000e+00 0.000000000000000000e+00 1.000000000000000000e+00 5.506398785471030521e+01 6.974222420192617733e+01 6.301369863013698280e-01 5.953122098390101513e+01 1.814382414695362156e-01 1.686445012787723741e+00 1.813513513513513686e+01 7.155606736720886429e-01 4.209493005003130861e+01 4.387603856364135879e+01 1.042311710970730720e+00 2.557446639750051154e-01 3.062478853474202567e-01 1.868361894195925910e+00 2.911132478868722284e+00
0.000000000000000000e+00 1.000000000000000000e+00 0.000000000000000000e+00 0.000000000000000000e+00 7.384511092090096440e+01 7.847445563992695838e+01 3.972602739726027177e-01 6.934962199432963814e+01 5.887233575564001509e-01 3.586079229914846511e+00 9.439189189189188767e+01 6.853678253839935453e-01 4.903758798491423221e+01 6.887537333945337537e+01 1.404542437132959565e+00 2.961399389165930707e-01 3.638070985918462896e-01 1.859418324853931326e+00 2.909462365119514615e+00
0.000000000000000000e+00 1.000000000000000000e+00 0.000000000000000000e+00 0.000000000000000000e+00 2.044640485112388362e+01 3.166596568386133015e+01 1.707317073170731836e-01 2.954558601151926212e+01 5.988495081961781041e-01 5.634252539912917079e+00 1.154096385542168406e+02 6.713178294573642901e-01 2.089188422287566738e+01 3.387912711584082359e+01 1.621640573651308648e+00 3.047322899487369674e-01 3.627620583006015975e-01 1.839453152481075326e+00 2.896036600107779524e+00
1.000000000000000000e+00 1.000000000000000000e+00 0.000000000000000000e+00 1.000000000000000000e+00 1.138776886176996896e+02 1.312632562931440816e+02 6.125000000000000444e-01 1.155734411051339521e+02 4.087346768862744062e-01 1.792905581637975976e+00 1.876543209876543372e+01 7.235009711145088396e-01 8.172276393050427146e+01 1.027452604750924507e+02 1.257241624407923419e+00 2.143781102508323655e-01 2.344766415025336947e-01 1.862736879346489571e+00 2.906548490566202680e+00
1.000000000000000000e+00 1.000000000000000000e+00 0.000000000000000000e+00 1.000000000000000000e+00 1.214574865342462431e+02 1.667469506524266478e+02 5.696202531645570000e-01 1.513201181678852549e+02 3.071474451203445866e-01 1.762725779967159179e+00 2.322500000000000142e+01 7.280856215264402964e-01 1.069994816864613369e+02 1.039452295570368534e+02 9.714554493041910321e-01 3.021877688938098272e-01 3.603302778464679279e-01 1.840413392056487352e+00 2.894216539109697450e+00
2.000000000000000000e+00 1.000000000000000000e+00 1.000000000000000000e+00 1.000000000000000000e+00 4.672795472296100883e+01 6.710497565672453391e+01 4.615384615384615641e-01 6.217006324356700731e+01 6.607672828757173988e-01 3.651736449204803669e+00 1.034177215189873351e+02 7.777707329444585316e-01 4.396087330632275325e+01 4.516392619659502117e+01 1.027366446564637270e+00 2.883237821592551375e-01 3.452833707357393367e-01 1.852317070657375941e+00 2.905628599200432927e+00
2.000000000000000000e+00 1.000000000000000000e+00 1.000000000000000000e+00 1.000000000000000000e+00 6.745721526373014854e+01 7.012888598268474993e+01 4.545454545454545303e-01 6.203708728423124796e+01 6.996968178312332753e-01 2.213333333333333375e+00 2.449999999999999645e+01 7.531401362778097353e-01 4.386684510374166024e+01 5.691955516342435573e+01 1.297552970331330213e+00 2.386468276518216858e-01 2.717175906659980433e-01 1.862098665530826036e+00 2.914631880440322398e+00
3.000000000000000000e+00 1.000000000000000000e+00 1.000000000000000000e+00 0.000000000000000000e+00 2.305859716347735500e+01 2.922056619431808500e+01 1.125000000000000028e-01 2.729233217392649635e+01 8.023050452325110049e-01 4.813580246913580218e+00 1.525432098765432158e+02 7.580893682588597526e-01 1.929859315457921554e+01 3.327480449476257718e+01 1.724208818136935273e+00 3.150400466479393868e-01 3.786698241811403687e-01 1.839034810577954815e+00 2.892331699851448779e+00
3.000000000000000000e+00 1.000000000000000000e+00 1.000000000000000000e+00 0.000000000000000000e+00 4.287927312046576134e+01 4.955818217303491480e+01 3.333333333333333148e-01 4.569209458050153216e+01 7.042007021878573525e-01 2.778188539741219820e+00 1.317808219178082219e+01 7.086247086247086102e-01 3.230918992448972915e+01 5.114313799659979054e+01 1.582928514027344802e+00 1.427328632575114165e-01 1.437679746350865873e-01 1.874843444371193657e+00 2.920687596341674297e+00
2.000000000000000000e+00 1.000000000000000000e+00 1.000000000000000000e+00 1.000000000000000000e+00 5.749012206749379317e+01 6.860500747613858152e+01 4.696969696969697239e-01 6.403485718053424591e+01 6.686072300987482286e-01 4.196736596736596603e+00 1.023432835820895548e+02 7.093260721579305317e-01 4.527948174466784792e+01 6.993569017715888947e+01 1.544533803887774726e+00 2.582014742671204788e-01 3.258309882479057396e-01 1.933403191695985734e+00 2.872858972474571004e+00
2.000000000000000000e+00 1.000000000000000000e+00 1.000000000000000000e+00 1.000000000000000000e+00 7.914067146225130500e+01 1.125077800623029987e+02 3.750000000000000000e-01 1.064903241834644092e+02 5.598600605613840431e-01 2.006956521739130306e+00 8.907692307692308020e+00 7.595389507154213238e-01 7.530003036088147894e+01 7.085146319697217621e+01 9.409221066367545738e-01 2.296267241582076180e-01 2.810844461635826352e-01 1.894554599927299243e+00 2.957598594608030762e+00
3.000000000000000000e+00 1.000000000000000000e+00 1.000000000000000000e+00 0.000000000000000000e+00 2.687542261600311733e+01 4.639260004261473114e+01 1.428571428571428492e-01 4.426879890630097236e+01 5.081184299353843636e-01 6.948893360160965926e+00 2.082112676056338501e+02 6.769596199524940960e-01 3.130276790162903211e+01 4.432841876848777929e+01 1.416118181874289617e+00 2.676173318643313426e-01 3.279649970580617024e-01 1.877354280852513213e+00 2.928607878616996896e+00
3.000000000000000000e+00 1.000000000000000000e+00 1.000000000000000000e+00 0.000000000000000000e+00 6.753642297639457581e+01 6.523731855250008493e+01 4.202898550724637472e-01 5.927448088219025379e+01 6.248607503384747686e-01 6.456095481670929281e+00 1.828571428571428612e+02 7.417245606865550123e-01 4.191338738310909662e+01 6.068820476282099463e+01 1.447943212227176479e+00 2.527027765926758152e-01 3.120124797673436978e-01 1.940905449035548402e+00 2.854145202359270606e+00
0.000000000000000000e+00 1.000000000000000000e+00 0.000000000000000000e+00 0.000000000000000000e+00 3.518860531100623490e+01 4.409003077030505580e+01 2.253521126760563431e-01 4.134781503544093795e+01 5.790506465728681995e-01 3.420289855072463858e+00 8.118055555555555713e+01 6.953642384105960250e-01 2.923732039880736622e+01 4.741857011736367866e+01 1.621850753439701531e+00 2.914449670737229159e-01 3.611853754621168755e-01 1.868595547546653135e+00 2.912204343080215363e+00
0.000000000000000000e+00 1.000000000000000000e+00 0.000000000000000000e+00 0.000000000000000000e+00 4.779033063391467806e+01 6.359025343669577524e+01 2.142857142857142738e-01 5.942312799935453427e+01 5.909374350446888746e-01 2.468503937007874072e+00 5.253521126760563043e+00 5.872340425531914487e-01 4.201849676765978359e+01 6.074585130700904045e+01 1.445693110891179467e+00 2.182925125448439696e-01 2.502173490445063209e-01 1.876993532263516062e+00 2.928136429997361567e+00
1.000000000000000000e+00 1.000000000000000000e+00 0.000000000000000000e+00 1.000000000000000000e+00 7.652624231876916383e+01 1.094763825914962183e+02 6.623376623376623362e-01 9.651529248150860951e+01 3.722884504319237675e-01 2.211788211788211722e+00 4.665384615384615330e+01 7.422059712981800006e-01 6.824661780187774696e+01 5.356876175006318164e+01 7.849291800155594467e-01 2.992688097189695751e-01 3.655925133681080519e-01 1.851864061089315339e+00 2.899093495106231710e+00
1.000000000000000000e+00 1.000000000000000000e+00 0.000000000000000000e+00 1.000000000000000000e+00 9.378041006107413580e+01 1.369217479425340684e+02 7.534246575342465890e-01 1.186043407280558313e+02 3.408215329635711499e-01 3.138106416275430188e+00 7.385135135135135442e+01 6.804964539007092306e-01 8.386593360696809896e+01 8.101794871699159728e+01 9.660412187942318818e-01 2.964237659204423392e-01 3.662497600557449995e-01 1.859801167795091636e+00 2.904481642324109103e+00
2.000000000000000000e+00 1.000000000000000000e+00 1.000000000000000000e+00 1.000000000000000000e+00 6.868758466472402802e+01 8.684162884793732928e+01 4.000000000000000222e-01 7.877546300259416512e+01 7.427011213304276493e-01 2.772280701754386012e+00 6.646052631578947967e+01 7.720459412108234831e-01 5.570266408024432536e+01 6.784692917108623078e+01 1.218019466238582149e+00 2.859693559545506414e-01 3.555866054254809838e-01 1.877566998656218011e+00 2.912140779933158008e+00
2.000000000000000000e+00 1.000000000000000000e+00 1.000000000000000000e+00 1.000000000000000000e+00 7.155174490135514986e+01 9.623886533823905154e+01 2.638888888888888951e-01 9.015519707972811148e+01 6.409590635672147707e-01 5.770313757039421176e+00 1.624520547945205351e+02 6.787052810902896027e-01 6.374935121428537599e+01 7.051341173519531935e+01 1.106103989955496303e+00 2.694862911708409414e-01 3.267876148148796123e-01 1.873634800135116851e+00 2.919559158594274173e+00
3.000000000000000000e+00 1.000000000000000000e+00 1.000000000000000000e+00 0.000000000000000000e+00 3.007074349731272633e+01 3.787467825831406998e+01 2.205882352941176405e-01 3.505577512450284416e+01 5.007948144707030647e-01 5.999573742540494692e+00 1.699855072463768124e+02 6.512233211868818650e-01 2.478817631028664081e+01 4.466621162566129755e+01 1.801916004894867251e+00 2.694330239310228636e-01 3.304642569641756400e-01 1.879294587947575756e+00 2.925945360023905373e+00
3.000000000000000000e+00 1.000000000000000000e+00 1.000000000000000000e+00 0.000000000000000000e+00 5.290963462590777766e+01 7.195418177989682817e+01 3.043478260869565410e-01 6.566678822467902421e+01 7.156743551472324327e-01 3.794616977225672816e+00 9.641428571428571104e+01 7.396718429534133721e-01 4.643343125241146652e+01 6.257255895140448132e+01 1.347575599383576739e+00 2.330943678580661427e-01 2.705895913868658909e-01 1.865968838880619485e+00 2.932099336034508230e+00
0.000000000000000000e+00 2.000000000000000000e+00 0.000000000000000000e+00 0.000000000000000000e+00 5.134551882223733799e+01 5.434703272445275246e+01 3.333333333333333148e-01 4.880877087145722726e+01 3.679966400671986215e-01 4.052945563012676722e+00 5.386842105263158231e+01 6.781326781326780795e-01 3.451301286458783579e+01 5.246900675715114204e+01 1.520267354316872765e+00 2.973771947188463827e-01 3.677306523003975869e-01 1.860902690504919299e+00 2.912634592520578547e+00
0.000000000000000000e+00 2.000000000000000000e+00 0.000000000000000000e+00 0.000000000000000000e+00 6.398988501730767098e+01 9.400640325242986250e+01 3.544303797468354444e-01 8.725665372889132243e+01 4.453093521314824277e-01 3.597536617842876261e+00 9.753749999999999432e+01 6.676580887107202988e-01 6.169977155534549240e+01 6.294771664153155655e+01 1.020226089250049206e+00 2.977067384306953390e-01 3.697258229139767649e-01 1.866439320611195996e+00 2.912873596343197757e+00
1.000000000000000000e+00 2.000000000000000000e+00 0.000000000000000000e+00 1.000000000000000000e+00 8.931528943729634307e+01 1.155916187461877200e+02 7.500000000000000000e-01 9.659095042686865895e+01 3.068130954501157581e-01 1.713888888888888795e+00 2.855555555555555713e+01 7.479689386276876517e-01 6.830011604809246251e+01 8.420035220983470481e+01 1.232799548254740030e+00 3.108842348542802947e-01 3.827004312720832524e-01 1.839401132086805557e+00 2.892669502568213424e+00
1.000000000000000000e+00 2.000000000000000000e+00 0.000000000000000000e+00 1.000000000000000000e+00 1.181256403251346541e+02 1.731064595572659357e+02 7.750000000000000222e-01 1.447365960551524893e+02 2.753137176131191244e-01 1.746753246753246724e+00 2.697530864197531031e+01 7.282524163981779486e-01 1.023442285564564003e+02 7.966214158574811677e+01 7.783745376692530193e-01 3.091200427141652107e-01 3.773549237924465616e-01 1.836321693921969977e+00 2.878863941911482982e+00
2.000000000000000000e+00 2.000000000000000000e+00 1.000000000000000000e+00 1.000000000000000000e+00 5.640794416984765292e+01 7.794503085692076638e+01 4.269662921348314488e-01 7.070826772920935355e+01 6.061032548752828264e-01 3.971399387129724179e+00 1.292888888888888630e+02 6.852673618815176004e-01 4.999829559727785266e+01 5.831962991560493492e+01 1.166432359721880863e+00 3.674103742426652053e-01 4.283247323409990481e-01 1.777763051468667976e+00 2.862150597410448860e+00
2.000000000000000000e+00 2.000000000000000000e+00 1.000000000000000000e+00 1.000000000000000000e+00 9.835758605015075773e+01 1.185918320180666257e+02 7.764705882352941346e-01 9.188018560894683162e+01 2.705787650292712510e-01 1.671484492622703932e+00 2.593023255813953654e+01 7.683262590340713682e-01 6.496910230076494486e+01 8.454210535856893216e+01 1.301266330681215777e+00 3.133717657047817018e-01 3.795169988118426430e-01 1.815245396491937502e+00 2.865519252982397180e+00
3.000000000000000000e+00 2.000000000000000000e+00 1.000000000000000000e+00 0.000000000000000000e+00 4.551745746835772621e+01 6.186408032519734235e+01 3.580246913580246715e-01 5.597724068029299360e+01 6.438374597671477906e-01 5.268011527377521652e+00 1.444878048780487916e+02 7.200424178154825050e-01 3.958188647714664654e+01 4.707159514016367297e+01 1.189220608960650516e+00 3.300251816247496972e-01 3.975110757400102668e-01 1.830679203224147455e+00 2.887587057612653663e+00
3.000000000000000000e+00 2.000000000000000000e+00 1.000000000000000000e+00 0.000000000000000000e+00 2.984044833719381984e+01 4.567268562571284463e+01 2.394366197183098455e-01 4.346033785289765206e+01 6.702393498847192266e-01 2.553802008608321295e+00 4.512500000000000000e+01 7.668539325842697041e-01 3.073109960844232802e+01 4.560039248809692936e+01 1.483851637888341957e+00 2.611685233590428923e-01 3.127013329830560240e-01 1.871850528626018750e+00 2.924364148960502341e+00
0.000000000000000000e+00 2.000000000000000000e+00 0.000000000000000000e+00 0.000000000000000000e+00 2.370756450557567518e+01 2.938539227732488612e+01 1.052631578947368363e-01 2.777479568235405338e+01 7.771145537186042729e-01 3.515514809590973400e+00 4.632467532467532578e+01 7.552670781017237767e-01 1.963974637306339233e+01 3.543644906237518200e+01 1.804323151085979848e+00 2.604888487183840695e-01 3.016276043699563369e-01 1.858168206546371604e+00 2.911094092047355364e+00
0.000000000000000000e+00 2.000000000000000000e+00 0.000000000000000000e+00 0.000000000000000000e+00 4.024191218269691461e+01 6.039393968594079354e+01 1.756756756756756854e-01 5.731992127062661524e+01 6.976076555023917880e-01 2.859016393442622928e+00 7.559999999999999609e+00 5.944272445820433237e-01 4.053130502753909781e+01 5.570356983255324224e+01 1.374334475406239875e+00 1.888403307553708499e-01 1.982592134647218896e-01 1.858448486806624667e+00 2.911534828885547377e+00
1.000000000000000000e+00 2.000000000000000000e+00 0.000000000000000000e+00 1.000000000000000000e+00 1.223283251724924412e+02 1.321831561443254088e+02 7.721518987341772222e-01 1.050481259363386357e+02 4.362855076435335211e-01 2.362281822051937041e+00 4.000000000000000000e+01 6.374939447763604550e-01 7.428024220052348880e+01 1.203392030119761245e+02 1.620070148494050510e+00 2.896042311051667539e-01 3.552524982449393742e-01 1.844008642624074268e+00 2.890443078343251759e+00
1.000000000000000000e+00 2.000000000000000000e+00 0.000000000000000000e+00 1.000000000000000000e+00 1.057015945405685216e+02 1.422535487266655707e+02 7.710843373493976305e-01 1.221098265248903942e+02 3.666532809028231754e-01 2.057890096973258753e+00 4.285714285714285410e+01 6.992192704308668461e-01 8.634468638526294626e+01 7.690244967272583665e+01 8.906448432691431716e-01 3.292302372740222305e-01 3.927981040373040855e-01 1.821717916541016891e+00 2.862496525646514467e+00
2.000000000000000000e+00 2.000000000000000000e+00 1.000000000000000000e+00 1.000000000000000000e+00 8.507342778800204997e+01 1.104995267439176843e+02 6.962025316455696666e-01 9.286613152553258033e+01 6.269304633056933529e-01 2.735759493670886222e+00 6.856249999999998579e+01 7.954765751211632097e-01 6.566627134426590828e+01 6.464851690445416921e+01 9.845011081187174939e-01 2.704510738292294492e-01 3.145492106366620799e-01 1.853787411707141342e+00 2.880681501595586003e+00
2.000000000000000000e+00 2.000000000000000000e+00 1.000000000000000000e+00 1.000000000000000000e+00 7.380361846716135688e+01 8.489311718885733171e+01 5.180722891566265087e-01 7.371103835131157211e+01 5.457498336731184674e-01 4.253872633390705538e+00 1.350357142857142776e+02 6.678012253233491791e-01 5.212157506651407601e+01 7.296620810617460506e+01 1.399923314156565679e+00 3.297741548287012048e-01 3.949026491854969456e-01 1.829039041720823322e+00 2.869977006367335104e+00
3.000000000000000000e+00 2.000000000000000000e+00 1.000000000000000000e+00 0.000000000000000000e+00 2.788690724341028471e+01 3.794154438504139648e+01 1.250000000000000000e-01 3.617137534110207042e+01 8.648524985236406559e-01 4.769444444444444819e+00 1.507777777777777715e+02 7.750055199823360219e-01 2.557702478853714112e+01 4.068263215745938055e+01 1.590592826718927988e+00 3.021808968955309593e-01 3.552032855624285279e-01 1.833441884631146435e+00 2.893096810568589472e+00
3.000000000000000000e+00 2.000000000000000000e+00 1.000000000000000000e+00 0.000000000000000000e+00 2.043119224876159734e+01 3.075316688993318692e+01 1.728395061728394966e-01 2.771910842404423647e+01 7.780208021162974275e-01 3.110889509373753636e+00 6.453658536585365368e+01 7.502728264823572690e-01 1.960036953508683411e+01 2.848654554317333165e+01 1.453367779223716072e+00 2.820302889108941002e-01 3.204142985306731028e-01 1.830908911893674107e+00 2.888421367655002125e+00
0.000000000000000000e+00 2.000000000000000000e+00 0.000000000000000000e+00 0.000000000000000000e+00 2.778996347083094065e+01 4.594612970908799809e+01 1.643835616438356073e-01 4.327298023736482691e+01 6.919449901768166544e-01 3.492836676217764946e+00 1.175675675675675791e+01 6.722408026755852806e-01 3.059861776799212763e+01 4.747508738681209195e+01 1.551543528756181178e+00 2.728011023646745858e-01 3.272952861613019904e-01 1.863996843044895657e+00 2.917152662255056317e+00
0.000000000000000000e+00 2.000000000000000000e+00 0.000000000000000000e+00 0.000000000000000000e+00 4.641491095198295369e+01 5.252954135100155497e+01 1.940298507462686617e-01 4.884042587164692151e+01 1.294095453687991171e-01 2.029069767441860517e+00 2.602941176470588314e+00 5.409836065573770947e-01 3.453539632988042740e+01 5.638652851543707101e+01 1.632716994958902212e+00 2.145667395272549682e-01 2.500123459014736982e-01 1.774855621752539969e+00 3.001221168878177359e+00
1.000000000000000000e+00 2.000000000000000000e+00 0.000000000000000000e+00 1.000000000000000000e+00 1.312177558064338143e+02 1.714659861707613686e+02 8.571428571428570953e-01 1.262086732866375343e+02 4.957478297521673571e-01 2.761823604601619131e+00 5.301282051282051100e+01 6.862421643022105222e-01 8.924300872553885711e+01 1.012648168695163093e+02 1.134708682681796921e+00 3.060609181857760208e-01 3.726045066248499515e-01 1.819479441544841869e+00 2.889734885426682442e+00
1.000000000000000000e+00 2.000000000000000000e+00 0.000000000000000000e+00 1.000000000000000000e+00 1.053371051996567331e+02 1.636793791912675431e+02 5.416666666666666297e-01 1.482392325387927201e+02 3.358469888248502566e-01 1.940469688694702377e+00 2.358904109589040488e+01 7.006398537477147581e-01 1.048209665660698420e+02 7.938741444594157315e+01 7.573619767749688592e-01 2.638040537668006613e-01 3.230193707765704469e-01 1.872822255190112584e+00 2.905174681345723098e+00
2.000000000000000000e+00 2.000000000000000000e+00 1.000000000000000000e+00 1.000000000000000000e+00 8.400266579306989456e+01 9.758230366638512976e+01 5.135135135135134865e-01 8.459481575444340251e+01 6.203425371506148256e-01 3.197117117117117324e+00 8.129333333333333655e+01 7.724692526017029603e-01 5.981756787319351076e+01 5.694751804974922038e+01 9.520199512369263983e-01 2.457046514948678650e-01 2.843417558917878951e-01 1.876706275489227638e+00 2.902954376055053132e+00
2.000000000000000000e+00 2.000000000000000000e+00 1.000000000000000000e+00 1.000000000000000000e+00 7.184359895281822617e+01 7.693261176292634218e+01 5.068493150684931781e-01 6.731116349698386614e+01 5.553895271444152515e-01 2.449896694214876103e+00 3.793243243243243512e+01 7.197515037964697937e-01 4.759618015827370385e+01 6.209665952921813670e+01 1.304656367858205046e+00 2.409644559021169863e-01 2.854241685558128183e-01 1.925643392043541846e+00 2.864385952575228433e+00
3.000000000000000000e+00 2.000000000000000000e+00 1.000000000000000000e+00 0.000000000000000000e+00 1.785020864186769884e+01 3.290980309959660843e+01 1.494252873563218509e-01 3.052475259791728490e+01 6.382656795807745143e-01 5.679866765358993597e+00 1.436931818181818130e+02 6.398559423769507593e-01 2.158425955602899293e+01 3.341664605124837095e+01 1.548195154181896127e+00 2.937322921394985853e-01 3.210069216663323233e-01 1.782413495024910643e+00 2.872976006309071018e+00
3.000000000000000000e+00 2.000000000000000000e+00 1.000000000000000000e+00 0.000000000000000000e+00 3.465141188447869780e+01 3.675720204745469033e+01 2.686567164179104461e-01 3.333140382678158176e+01 7.986481137533103514e-01 2.545842217484008518e+00 1.066176470588235325e+01 7.243401759530792017e-01 2.356886167238448948e+01 4.837094667180294039e+01 2.052324263436062335e+00 1.793622573100009387e-01 2.002021631991762196e-01 1.899289698778165558e+00 2.934700746610082067e+00
0.000000000000000000e+00 3.000000000000000000e+00 0.000000000000000000e+00 0.000000000000000000e+00 3.823717609086055091e+01 8.022300463933859760e+01 6.250000000000000000e-01 7.311705749319504832e+01 4.238047674324439962e-01 2.701884920634920473e+00 5.278461538461538538e+01 6.772964045229322716e-01 5.170156717384488587e+01 6.786381903683546568e+01 1.312606614198860155e+00 2.398054711627486402e-01 2.986053646000227935e-01 1.918962500968867335e+00 2.908289188767559708e+00
0.000000000000000000e+00 3.000000000000000000e+00 0.000000000000000000e+00 0.000000000000000000e+00 2.386650851861733358e+01 5.053260966101220220e+01 8.955223880597014408e-02 4.866868347294056463e+01 6.248010048598557908e-01 3.618857901726427517e+00 5.800000000000000000e+01 7.203479177648919318e-01 3.441395611513792119e+01 5.522540943060172935e+01 1.604738764873048673e+00 2.474619780952621306e-01 3.082232321408849285e-01 1.873262750917340291e+00 2.965308015387060347e+00
1.000000000000000000e+00 3.000000000000000000e+00 0.000000000000000000e+00 1.000000000000000000e+00 6.701165435455551744e+01 1.163670787332742833e+02 7.205882352941176405e-01 1.007558491572597035e+02 3.017391116080170299e-01 2.165535956580732613e+00 3.734782608695652328e+01 6.673041413874967187e-01 7.124514418330723231e+01 6.770474678691047643e+01 9.503068253004354204e-01 2.618726954090884740e-01 3.286143169457744762e-01 1.876775190553277906e+00 2.919037319316046375e+00
1.000000000000000000e+00 3.000000000000000000e+00 0.000000000000000000e+00 1.000000000000000000e+00 1.164760522345408447e+02 1.549006126706676980e+02 8.571428571428570953e-01 1.175451850872815385e+02 3.440713568754163454e-01 2.018747337025990518e+00 3.367605633802816811e+01 7.014634550806351232e-01 8.311699747104461267e+01 1.035618094093857735e+02 1.245976305213184476e+00 2.693567152961365840e-01 3.362272903043406203e-01 1.878110653795863838e+00 2.901225033075251147e+00
0.000000000000000000e+00 3.000000000000000000e+00 0.000000000000000000e+00 0.000000000000000000e+00 2.427650712105989328e+01 3.790453046139607096e+01 1.204819277108433728e-01 3.652689341155811320e+01 6.818174371096897834e-01 4.840791738382099751e+00 1.593928571428571104e+02 6.810754432726850993e-01 2.582841402699096278e+01 3.745281768225108721e+01 1.450062618754388133e+00 2.885309919337219475e-01 3.497333107884554870e-01 1.853027246334588041e+00 2.913537104915791875e+00
0.000000000000000000e+00 3.000000000000000000e+00 0.000000000000000000e+00 0.000000000000000000e+00 4.215863975695659605e+01 3.469907764969838126e+01 1.976744186046511531e-01 3.141976694351340171e+01 7.388227658835210265e-01 3.805601317957166607e+00 5.872413793103448398e+01 6.141611082606465155e-01 2.221713026905924693e+01 4.394979750743995339e+01 1.978194167076869014e+00 2.863097950325786401e-01 3.473589314215286272e-01 1.860550906141252625e+00 2.911046375948942888e+00
1.000000000000000000e+00 3.000000000000000000e+00 0.000000000000000000e+00 1.000000000000000000e+00 8.346472152084159291e+01 1.232954785906674147e+02 6.666666666666666297e-01 1.108189731058530327e+02 4.817553059454490749e-01 2.154278305963699403e+00 3.381012658227847822e+01 6.714840903570561403e-01 7.836084736727831057e+01 6.473237884418185217e+01 8.260806387248513794e-01 3.052758265478263677e-01 3.658248892627151139e-01 1.846380456826221872e+00 2.888212372668147676e+00
1.000000000000000000e+00 3.000000000000000000e+00 0.000000000000000000e+00 1.000000000000000000e+00 7.449753605683339686e+01 9.707170396767216403e+01 5.394736842105263275e-01 8.702135268726259199e+01 2.231089828855197243e-01 1.651905829596412634e+00 1.510389610389610660e+01 7.147386964180857394e-01 6.153338859318956366e+01 7.807970836096681921e+01 1.268899863083577717e+00 2.835907055224244910e-01 3.335706658753276321e-01 1.840927340098128528e+00 2.901988174449680713e+00
2.000000000000000000e+00 3.000000000000000000e+00 1.000000000000000000e+00 1.000000000000000000e+00 4.810687104555530169e+01 7.207542837385918233e+01 3.125000000000000000e-01 6.748465141652233967e+01 5.077102920437382982e-01 1.636111111111111072e+00 2.544444444444444287e+01 8.212284024583510478e-01 4.771885464263328913e+01 5.727543329515198423e+01 1.200268399652253848e+00 3.111877850753602126e-01 3.818769295746087256e-01 1.850134988716250817e+00 2.897678834383348612e+00
2.000000000000000000e+00 3.000000000000000000e+00 1.000000000000000000e+00 1.000000000000000000e+00 4.175546818779934455e+01 6.951325171015109561e+01 3.333333333333333148e-01 6.436997704889324723e+01 7.447576321079710793e-01 6.141930835734870087e+00 1.806835443037975040e+02 6.847414880201765364e-01 4.551644727609483709e+01 5.369510519036019502e+01 1.179685770830378067e+00 3.072167653023564204e-01 3.770953099059701774e-01 1.848593523803773619e+00 2.904602518419753032e+00
3.000000000000000000e+00 3.000000000000000000e+00 1.000000000000000000e+00 0.000000000000000000e+00 4.451151065850514499e+01 6.280426168616109095e+01 1.600000000000000033e-01 5.960872296160749784e+01 7.098970384956199142e-01 2.299298245614035174e+00 4.872368421052631504e+01 7.688485020587817464e-01 4.214973222402291952e+01 5.379597448182187946e+01 1.276306435255625926e+00 2.887908534266613314e-01 3.460825909559672175e-01 1.853727704075200267e+00 2.906678041387278366e+00
3.000000000000000000e+00 3.000000000000000000e+00 1.000000000000000000e+00 0.000000000000000000e+00 5.619932600408694157e+01 4.683096505714216562e+01 3.417721518987341667e-01 4.166797006982349671e+01 7.008621319131769223e-01 4.937554206418039549e+00 1.135000000000000000e+02 7.304728181628827866e-01 2.946370419465029400e+01 5.394577471208779684e+01 1.830923035192659087e+00 2.870746190578035706e-01 3.393185696387777672e-01 1.844466447975906531e+00 2.898019034686874829e+00
2.000000000000000000e+00 3.000000000000000000e+00 1.000000000000000000e+00 1.000000000000000000e+00 9.159917807816292168e+01 9.589595651604088289e+01 2.948717948717948789e-01 8.900719539657534085e+01 5.578832961072119900e-01 4.440610484406104952e+00 6.563291139240506311e+01 6.064638783269962197e-01 6.293759143931447397e+01 1.060872866647687403e+02 1.685594955870848066e+00 2.918622441822155689e-01 3.535742992920339334e-01 1.857062429935550929e+00 2.904858062868808322e+00
2.000000000000000000e+00 3.000000000000000000e+00 1.000000000000000000e+00 1.000000000000000000e+00 5.933214037426481724e+01 7.554261987949105617e+01 6.962025316455696666e-01 6.266939260185086624e+01 5.569076682046212312e-01 2.570015220700152092e+00 5.157500000000000284e+01 6.790893623916389732e-01 4.431395248161079792e+01 4.972761527518309776e+01 1.122166100977312730e+00 3.056272390001302242e-01 3.684974349345001565e-01 1.837131689047455607e+00 2.890636633991445770e+00
3.000000000000000000e+00 3.000000000000000000e+00 1.000000000000000000e+00 0.000000000000000000e+00 3.051235992296205168e+01 4.360236752682308037e+01 1.917808219178082085e-01 4.048409227812472722e+01 7.509184023439071654e-01 6.228804146612366033e+00 1.908513513513513544e+02 7.261442979053529534e-01 2.862657618004394067e+01 4.004991111406350512e+01 1.399046496590219624e+00 2.607426327878578642e-01 3.052942265070420769e-01 1.859703636000830107e+00 2.912958325341439725e+00
3.000000000000000000e+00 3.000000000000000000e+00 1.000000000000000000e+00 0.000000000000000000e+00 3.341092771418844620e+01 4.706138952146825005e+01 1.866666666666666752e-01 4.462145976252864443e+01 8.079996583312923919e-01 5.768771929824561440e+00 1.788289473684210407e+02 7.326509723643807037e-01 3.155213678452667736e+01 4.820609288520645919e+01 1.527823399550136463e+00 2.712671592628208561e-01 3.223747655916613941e-01 1.858921308417825102e+00 2.911992300424574687e+00
0.000000000000000000e+00 3.000000000000000000e+00 0.000000000000000000e+00 0.000000000000000000e+00 2.002790959972703178e+01 3.432007315815016568e+01 9.859154929577464144e-02 3.263729318766776544e+01 6.546913344436274818e-01 4.904313725490196063e+00 6.913888888888888573e+01 7.734524569240587288e-01 2.307805133257338426e+01 3.543605727723539189e+01 1.535487410378508555e+00 2.746492997062168206e-01 3.356227628845857569e-01 1.873372954969499737e+00 2.920840357874166404e+00
0.000000000000000000e+00 3.000000000000000000e+00 0.000000000000000000e+00 0.000000000000000000e+00 2.299545138640338848e+01 3.227764261488294295e+01 1.466666666666666674e-01 3.002066327172205362e+01 3.189624956186452032e-01 4.104225352112676362e+00 2.900000000000000000e+01 6.474358974358974672e-01 2.122781457515258907e+01 3.516383262779915242e+01 1.656498011291225314e+00 2.674878802273823464e-01 3.117384340632332052e-01 1.855554330790876172e+00 2.909377679827465535e+00
1.000000000000000000e+00 3.000000000000000000e+00 0.000000000000000000e+00 1.000000000000000000e+00 8.092063361851398895e+01 1.117697230085632185e+02 6.753246753246753276e-01 9.961293893024895851e+01 4.244812287519552640e-01 2.348421052631578743e+00 4.926923076923075939e+01 7.472423956972257253e-01 7.043698461150046342e+01 6.083853012888372547e+01 8.637299064467679477e-01 2.983522040014823240e-01 3.551411913221392824e-01 1.840865244204728857e+00 2.893481320854296435e+00
1.000000000000000000e+00 3.000000000000000000e+00 0.000000000000000000e+00 1.000000000000000000e+00 6.875161718153454160e+01 7.299951005884078370e+01 4.124999999999999778e-01 6.693156558848262705e+01 4.753266072104957995e-01 4.261359754014349299e+00 1.178518518518518476e+02 6.946564885496183672e-01 4.732776390304824332e+01 6.040660508079746194e+01 1.276346061997381875e+00 3.024250726783769272e-01 3.641051286362172457e-01 1.845242510661012858e+00 2.894348014485562448e+00
2.000000000000000000e+00 3.000000000000000000e+00 1.000000000000000000e+00 1.000000000000000000e+00 7.818569215111270410e+01 8.944568974156230468e+01 4.729729729729729715e-01 8.015734229833589097e+01 7.007312961271962015e-01 2.970450450450450308e+00 7.290666666666666629e+01 7.631918505942274500e-01 5.667980030104458677e+01 7.111959399438545404e+01 1.254760842780787700e+00 2.512245468170999363e-01 2.939704183852389630e-01 1.856400307418622608e+00 2.922330055878667565e+00
2.000000000000000000e+00 3.000000000000000000e+00 1.000000000000000000e+00 1.000000000000000000e+00 8.281577571541971849e+01 1.193627646144225594e+02 7.820512820512820484e-01 9.826635358217264127e+01 5.870347457036036998e-01 2.717703349282296621e+00 6.362025316455696355e+01 7.456562416466185894e-01 6.948480498042926001e+01 6.842200781314632252e+01 9.847046103449196286e-01 3.092115069585853471e-01 3.760972976245463562e-01 1.854874411039858284e+00 2.880326950370495798e+00
3.000000000000000000e+00 3.000000000000000000e+00 1.000000000000000000e+00 0.000000000000000000e+00 2.698939355471877732e+01 4.061514295053431312e+01 2.266666666666666552e-01 3.815007764985715255e+01 6.965477319809340040e-01 2.312982456140350696e+00 4.923684210526316463e+01 7.739592884650651206e-01 2.697617860900733788e+01 4.095614829020507841e+01 1.518233879002040432e+00 2.943267737939950224e-01 3.564243401963347879e-01 1.854226417656397841e+00 2.908178579583566847e+00
3.000000000000000000e+00 3.000000000000000000e+00 1.000000000000000000e+00 0.000000000000000000e+00 2.949419502892940415e+01 3.409859223429387498e+01 2.933333333333333348e-01 3.072056787854038973e+01 8.558129196996278054e-01 5.799588477366254935e+00 1.534605263157894512e+02 8.415547923821417031e-01 2.172272186881753697e+01 3.526945658458156174e+01 1.623620501959749607e+00 2.077365453959056640e-01 2.229103687146501978e-01 1.854613408169337285e+00 2.909069921799110947e+00
0.000000000000000000e+00 4.000000000000000000e+00 0.000000000000000000e+00 0.000000000000000000e+00 2.988518150672336660e+01 6.957690126150610865e+01 1.267605633802816878e-01 6.790035524537702827e+01 6.791831041403786351e-01 4.585308056872038129e+00 6.304166666666666430e+01 6.878216123499142354e-01 4.801280163898165654e+01 3.163872482347385073e+01 6.589643541606271526e-01 2.738559899174567436e-01 3.097902599990865480e-01 1.837341506530297597e+00 2.887368694585933149e+00
0.000000000000000000e+00 4.000000000000000000e+00 0.000000000000000000e+00 0.000000000000000000e+00 3.115421409084317972e+01 3.232076573713871426e+01 2.272727272727272652e-01 2.862925528722861301e+01 5.853630905177306110e-01 4.292353823088455478e+00 3.277611940298507420e+01 6.800731261425959628e-01 2.024394055392017222e+01 3.663767171126469435e+01 1.809809291510191098e+00 1.890317538099622052e-01 2.147134291100182835e-01 1.935121863043811841e+00 2.874689212490651347e+00
1.000000000000000000e+00 4.000000000000000000e+00 0.000000000000000000e+00 1.000000000000000000e+00 1.373803719606989659e+02 1.244600550254648113e+02 6.056338028169013787e-01 1.078993166119504252e+02 3.227555334493941164e-01 5.711267605633802980e+00 1.672500000000000000e+02 6.198979591836735192e-01 7.629633846170442268e+01 1.324173994832041217e+02 1.735566898137171465e+00 2.386559107260407819e-01 2.884607212152068278e-01 1.849816647099796985e+00 2.965233578241029289e+00
1.000000000000000000e+00 4.000000000000000000e+00 0.000000000000000000e+00 1.000000000000000000e+00 8.739220930548076183e+01 1.047866496666181320e+02 6.857142857142857206e-01 8.287039215043941454e+01 3.039996586623696095e-01 2.792927141031103400e+00 5.926760563380281610e+01 6.817371673003802535e-01 5.859821624916414606e+01 7.590522843590252933e+01 1.295350495195069174e+00 2.850730928349923810e-01 3.514226346122854006e-01 1.837132684329703336e+00 2.924427389113012143e+00
0.000000000000000000e+00 4.000000000000000000e+00 0.000000000000000000e+00 0.000000000000000000e+00 3.710393311327578658e+01 4.456342185403497069e+01 1.621621621621621712e-01 4.198043655220281778e+01 4.477043840263199015e-01 3.189016602809706225e+00 6.856000000000001648e+01 7.004991680532446363e-01 2.968465136323422016e+01 3.862894187179775685e+01 1.301310276449513692e+00 2.752401148832835931e-01 3.399523721285062083e-01 1.868512365262364083e+00 2.926049049947591740e+00
0.000000000000000000e+00 4.000000000000000000e+00 0.000000000000000000e+00 0.000000000000000000e+00 2.706974157544333082e+01 3.712361866253441889e+01 2.058823529411764608e-01 3.478935828538634922e+01 7.662810366380349292e-01 4.341836734693877986e+00 4.746376811594203105e+01 8.014285714285713791e-01 2.459979115672507177e+01 4.450907828164348246e+01 1.809327485671585745e+00 2.355981873872707855e-01 2.825891136169554341e-01 1.838040112285049599e+00 2.978918711921251905e+00
1.000000000000000000e+00 4.000000000000000000e+00 0.000000000000000000e+00 1.000000000000000000e+00 6.653131712253892260e+01 1.108199864581716696e+02 5.942028985507246119e-01 9.862655940060943749e+01 3.259607256940783016e-01 1.814330218068535894e+00 1.867142857142857082e+01 6.983386581469648302e-01 6.973950895726876809e+01 6.789840206089061780e+01 9.736002314340033159e-01 2.580312538722381310e-01 3.188724311144502388e-01 1.881426663118353160e+00 2.920796256244212241e+00
1.000000000000000000e+00 4.000000000000000000e+00 0.000000000000000000e+00 1.000000000000000000e+00 6.746957008168200787e+01 8.850575078055855727e+01 6.619718309859154992e-01 7.625204851083411484e+01 3.725979052933197644e-01 2.299642674834099232e+00 3.536111111111111427e+01 6.506404632391648013e-01 5.391834058137639119e+01 6.606293419363085206e+01 1.225240492962226924e+00 2.720865755141683162e-01 3.369810600935780331e-01 1.866668438208116232e+00 2.915970822824549558e+00
2.000000000000000000e+00 4.000000000000000000e+00 1.000000000000000000e+00 1.000000000000000000e+00 6.389413465776206635e+01 9.844982102971104609e+01 3.333333333333333148e-01 9.229223400802300148e+01 8.109503356974959720e-01 4.725606736007924802e+00 1.074571428571428413e+02 7.622175512348923210e-01 6.526046451792875303e+01 6.035161927508548274e+01 9.247807186310376126e-01 2.743637896577736379e-01 3.438251475876608065e-01 1.903436160446475345e+00 2.908490666573576355e+00
2.000000000000000000e+00 4.000000000000000000e+00 1.000000000000000000e+00 1.000000000000000000e+00 5.462458392877385194e+01 7.745341587777187442e+01 6.619718309859154992e-01 6.857124703146207878e+01 3.305436763619117313e-01 2.086347197106690921e+00 3.337500000000000711e+01 7.457573101744880972e-01 4.848719377036474754e+01 4.604022196514718246e+01 9.495336476512453716e-01 2.593558665854457934e-01 3.182184152319184056e-01 1.878857051467292205e+00 2.913814915769271430e+00
3.000000000000000000e+00 4.000000000000000000e+00 1.000000000000000000e+00 0.000000000000000000e+00 3.388337635880533583e+01 4.663026860643640958e+01 2.272727272727272652e-01 4.267378965807260727e+01 5.838099539489526313e-01 2.876565295169946523e+00 1.565671641791044699e+01 7.212822796081923560e-01 3.017492604615149787e+01 4.047944480747123208e+01 1.341492759437399540e+00 1.866107448550239079e-01 2.113485736733547171e-01 1.855589067061467645e+00 2.970370884945744194e+00
3.000000000000000000e+00 4.000000000000000000e+00 1.000000000000000000e+00 0.000000000000000000e+00 3.538003546545721889e+01 5.406878110849948627e+01 3.235294117647058987e-01 4.986127734321129878e+01 6.413308559228327876e-01 2.661265432098765427e+00 3.120289855072463681e+01 6.454545454545455030e-01 3.525724732800787820e+01 5.347860338542386671e+01 1.516811646918935441e+00 2.607348673522004723e-01 3.242722349608199717e-01 1.832925381480309701e+00 2.972309095799025247e+00
2.000000000000000000e+00 4.000000000000000000e+00 1.000000000000000000e+00 1.000000000000000000e+00 6.948434851152710223e+01 6.773208497149998664e+01 4.520547945205479201e-01 6.025357537689183118e+01 6.154169058744924925e-01 5.429100333209921914e+00 1.616621621621621330e+02 7.085686226368770324e-01 4.260571173973499270e+01 5.857705932907671809e+01 1.374864001495989640e+00 2.349202753051502501e-01 2.774499429347968005e-01 1.892310856824840570e+00 2.919792459151030695e+00
2.000000000000000000e+00 4.000000000000000000e+00 1.000000000000000000e+00 1.000000000000000000e+00 5.026027264102106074e+01 6.421954136046589667e+01 5.342465753424657793e-01 5.665475191602619986e+01 4.827108061481452661e-01 2.300989345509893536e+00 4.620270270270270174e+01 7.457123256345757900e-01 4.006095926626367287e+01 5.382843333020857557e+01 1.343663115314835510e+00 2.830179295323362876e-01 3.493401654294757686e-01 1.875291438546471845e+00 2.897333435557831294e+00
3.000000000000000000e+00 4.000000000000000000e+00 1.000000000000000000e+00 0.000000000000000000e+00 5.058443557610847563e+01 6.496813896065086169e+01 3.529411764705882582e-01 5.956841248620435891e+01 6.452816306757487297e-01 2.880597014925373234e+00 6.208695652173914681e+01 8.075587452251418163e-01 4.212122841351250457e+01 5.381164130040335891e+01 1.277542069099308675e+00 2.615836431017606878e-01 3.274633506039611452e-01 1.904172354250987187e+00 2.921450662941446730e+00
3.000000000000000000e+00 4.000000000000000000e+00 1.000000000000000000e+00 0.000000000000000000e+00 3.065731995435063695e+01 5.140242585294230082e+01 1.944444444444444475e-01 4.908445124060526155e+01 7.501771098886316214e-01 3.529801324503311299e+00 8.372602739726026755e+01 7.781491002570694038e-01 3.470794832305242039e+01 4.772101147134066679e+01 1.374930348148674542e+00 2.772551655295036332e-01 3.441556376106558179e-01 1.871804395021761991e+00 2.928045841399787630e+00
0.000000000000000000e+00 4.000000000000000000e+00 0.000000000000000000e+00 0.000000000000000000e+00 5.674159920194377804e+01 6.243416197672680568e+01 3.787878787878787845e-01 5.694709764448748501e+01 4.492748846407410568e-01 3.746976744186046648e+00 4.407462686567163956e+01 6.804536357571714378e-01 4.026767891330955962e+01 5.675655359391626575e+01 1.409481627091167866e+00 2.490673016114761662e-01 3.092367221756631701e-01 1.910474813379146486e+00 2.927113940680554638e+00
0.000000000000000000e+00 4.000000000000000000e+00 0.000000000000000000e+00 0.000000000000000000e+00 2.856941853031405998e+01 5.066642047504232949e+01 1.818181818181818232e-01 4.858110794633884666e+01 6.346958588597636508e-01 3.490636704119850275e+00 1.985074626865671732e+01 6.610169491525423879e-01 3.435203086641186587e+01 4.633649257727473980e+01 1.348871999954472267e+00 2.516568042912937786e-01 3.109172609479443072e-01 1.866178036405158336e+00 2.962152021117747669e+00
1.000000000000000000e+00 4.000000000000000000e+00 0.000000000000000000e+00 1.000000000000000000e+00 7.602750165963979612e+01 1.094215488333973809e+02 7.014925373134328623e-01 9.379276384276082013e+01 3.084567641903236956e-01 3.112818261633011563e+00 7.077941176470588402e+01 5.705426356589147208e-01 6.632149933944459974e+01 6.835082208198014087e+01 1.030598263952826610e+00 2.658928700257253142e-01 3.335609820484793930e-01 1.899274227375618018e+00 2.907585860323521398e+00
1.000000000000000000e+00 4.000000000000000000e+00 0.000000000000000000e+00 1.000000000000000000e+00 8.154648134309240959e+01 1.208671414756020113e+02 4.782608695652174058e-01 1.120310443715059705e+02 6.173716167541415389e-01 3.700520833333333481e+00 2.962857142857142989e+01 6.571709233791748206e-01 7.921791117850285957e+01 7.373075461123799812e+01 9.307333848414587330e-01 2.498401403641876961e-01 3.047326998848061685e-01 1.913027683906029175e+00 2.900640164277472177e+00
2.000000000000000000e+00 4.000000000000000000e+00 1.000000000000000000e+00 1.000000000000000000e+00 7.171555804957328917e+01 9.214943330121278109e+01 4.461538461538461786e-01 8.324212924659713053e+01 4.299022085959392503e-01 2.530536130536130468e+00 4.974242424242424221e+01 8.143770587095524593e-01 5.886107407067585484e+01 8.814445229205185228e+01 1.497499895877108411e+00 2.425349565899995730e-01 3.008181702708084271e-01 1.904811219847928117e+00 2.942226424786728245e+00
2.000000000000000000e+00 4.000000000000000000e+00 1.000000000000000000e+00 1.000000000000000000e+00 6.526121387235311033e+01 8.424112618222710580e+01 4.925373134328357994e-01 7.498740475908667236e+01 6.441555827843190585e-01 4.310359964881475214e+00 1.108970588235294059e+02 6.900247320692497466e-01 5.302410240873056324e+01 7.654914105985558592e+01 1.443666890761955868e+00 2.560098483692453963e-01 3.207658040660405496e-01 1.878269850441887545e+00 2.955620715774698315e+00
3.000000000000000000e+00 4.000000000000000000e+00 1.000000000000000000e+00 0.000000000000000000e+00 3.224332411972758905e+01 4.901686816821839443e+01 1.666666666666666574e-01 4.688868054705216792e+01 6.521829294685941303e-01 3.036194415718717732e+00 2.938805970149253710e+01 7.938769324037586728e-01 3.315530397571034626e+01 5.318347704835386480e+01 1.604071465829907783e+00 2.266114287187377396e-01 2.716814280936891146e-01 1.904744943959222558e+00 2.932681187881724050e+00
3.000000000000000000e+00 4.000000000000000000e+00 1.000000000000000000e+00 0.000000000000000000e+00 2.273442699840176928e+01 5.697937883687745853e+01 1.428571428571428492e-01 5.497588779575131213e+01 7.258574556069080641e-01 2.158357771260996927e+00 6.171875000000000000e+00 7.222222222222222099e-01 3.887382306212651883e+01 4.863356855877513141e+01 1.251062147426328375e+00 2.295716067508334901e-01 2.795179997844821629e-01 1.903683844480249743e+00 2.954285134450482797e+00
0.000000000000000000e+00 5.000000000000000000e+00 0.000000000000000000e+00 0.000000000000000000e+00 3.116581419281681420e+01 3.534564825177091762e+01 1.505376344086021556e-01 3.269496995790530747e+01 4.838067359496532327e-01 3.251223491027732670e+00 2.936170212765957288e+01 6.536107711138310350e-01 2.311883496792529158e+01 3.937173225769958407e+01 1.703015411993005213e+00 2.862836536646489183e-01 3.300047760491111593e-01 1.833027876466873707e+00 2.889701046093128500e+00
0.000000000000000000e+00 5.000000000000000000e+00 0.000000000000000000e+00 0.000000000000000000e+00 4.173192110119994425e+01 5.209091663957984508e+01 3.838383838383838120e-01 4.660260306344552106e+01 4.921399568182610040e-01 3.398611695414387679e+00 1.140300000000000011e+02 6.917749382583485707e-01 3.295301664710730449e+01 4.397093592991867439e+01 1.334352372069661508e+00 3.390417310364876591e-01 4.078158732374946305e-01 1.820648938205997380e+00 2.885607401170068975e+00
1.000000000000000000e+00 5.000000000000000000e+00 0.000000000000000000e+00 1.000000000000000000e+00 4.973895019988236044e+01 7.545358734480922180e+01 5.340909090909090606e-01 6.740139486140404301e+01 6.148779106279566031e-01 3.668939652233208282e+00 8.795505617977528345e+01 6.531315552891818754e-01 4.765998336793091994e+01 4.863337695418255180e+01 1.020423708055815171e+00 3.553037553535307591e-01 4.139293051790124411e-01 1.792543960120252633e+00 2.864645470443005326e+00
1.000000000000000000e+00 5.000000000000000000e+00 0.000000000000000000e+00 1.000000000000000000e+00 6.682123701065135890e+01 9.747670530461606120e+01 8.148148148148147696e-01 7.431997657478993347e+01 3.711707889897831736e-01 2.048734177215189689e+00 4.041463414634145579e+01 7.436485532815808597e-01 5.255215941365931798e+01 5.775272251689446534e+01 1.098960026785948285e+00 3.227392171502403984e-01 3.910290153728617768e-01 1.829753589330853636e+00 2.880093568585500474e+00
2.000000000000000000e+00 5.000000000000000000e+00 1.000000000000000000e+00 1.000000000000000000e+00 5.039849608182699825e+01 7.740750731130809470e+01 3.953488372093023062e-01 7.145656941085451308e+01 6.598137781996415985e-01 5.603361344537814759e+00 1.888965517241379359e+02 6.986054880791723320e-01 5.052742479074245097e+01 5.188359020490559459e+01 1.026840184707209058e+00 3.260048339791368210e-01 3.783699508752527141e-01 1.814593855599091476e+00 2.870844897638205495e+00
2.000000000000000000e+00 5.000000000000000000e+00 1.000000000000000000e+00 1.000000000000000000e+00 3.902194962545233636e+01 4.550871863577960141e+01 2.790697674418604612e-01 4.106756168957528530e+01 7.489339466853844884e-01 3.536798905608755206e+00 1.065747126436781542e+02 7.290492296129275074e-01 2.903915135749555532e+01 4.167391163250517394e+01 1.435093991538025637e+00 3.581039777196715068e-01 4.205965313253075544e-01 1.781916634635140939e+00 2.878343202939459555e+00
3.000000000000000000e+00 5.000000000000000000e+00 1.000000000000000000e+00 0.000000000000000000e+00 2.299059089624669738e+01 3.604132427601321353e+01 1.413043478260869457e-01 3.379196426707809309e+01 7.865635361941631931e-01 6.287050023375408969e+00 2.432043010752688303e+02 7.449030958973068550e-01 2.389452708286441762e+01 3.442323882376430788e+01 1.440632773537936728e+00 3.077799994116706128e-01 3.214156300904177921e-01 1.775037928159565181e+00 2.845846209748768008e+00
3.000000000000000000e+00 5.000000000000000000e+00 1.000000000000000000e+00 0.000000000000000000e+00 3.584203278556847039e+01 5.475497722718189664e+01 1.325301204819277212e-01 5.217751235292315926e+01 6.333663337956352279e-01 3.314056563951034207e+00 6.526190476190475920e+01 7.015873015873015373e-01 3.689507281019680818e+01 3.940189314780496943e+01 1.067944583020726368e+00 3.280801869221641187e-01 3.808732721552245959e-01 1.819364249081232510e+00 2.868894529677859406e+00
0.000000000000000000e+00 5.000000000000000000e+00 0.000000000000000000e+00 0.000000000000000000e+00 2.490372083007866522e+01 2.482685731084979253e+01 1.264367816091954144e-01 2.230090340004748484e+01 6.489608671656212913e-01 2.804915514592933867e+00 1.335227272727272663e+01 6.520408163265306589e-01 1.576912002075970953e+01 2.886044944360300235e+01 1.830187696308280820e+00 3.143791301372904079e-01 3.493066072728382987e-01 1.816208182383053593e+00 2.833868074045635677e+00
0.000000000000000000e+00 5.000000000000000000e+00 0.000000000000000000e+00 0.000000000000000000e+00 3.573001945334142704e+01 5.098537479176712850e+01 3.333333333333333148e-01 4.562832511326848106e+01 8.037400673300968412e-01 3.822878228782288001e+00 3.019736842105263719e+01 8.109480812641083336e-01 3.226409810177658954e+01 4.259494766536545285e+01 1.320196446558039804e+00 1.887046114617919601e-01 1.955302891020785361e-01 1.856523542240569480e+00 2.909896692119479322e+00
1.000000000000000000e+00 5.000000000000000000e+00 0.000000000000000000e+00 1.000000000000000000e+00 2.282931056565514325e+02 2.489239662295059929e+02 9.459459459459459429e-01 1.534327422825668350e+02 4.772067251832639023e-01 2.169206721375537494e+00 3.989333333333333087e+01 6.593678262405086032e-01 1.084933325240509276e+02 1.353799506130299619e+02 1.247818160466393378e+00 2.288079507563312298e-01 2.757847933116333583e-01 1.890378958229082862e+00 2.913703105270773364e+00
1.000000000000000000e+00 5.000000000000000000e+00 0.000000000000000000e+00 1.000000000000000000e+00 1.610406813194377378e+02 1.802851753595516300e+02 9.113924050632911111e-01 1.265863084755460903e+02 3.898447185254201863e-01 3.066455696202531556e+00 8.162500000000000000e+01 6.099369670003708110e-01 8.951003712843076698e+01 1.137277471177653752e+02 1.270558596178287258e+00 2.694221465672702598e-01 3.246636350204328281e-01 1.864461696556776626e+00 2.888868161689943648e+00
2.000000000000000000e+00 5.000000000000000000e+00 1.000000000000000000e+00 1.000000000000000000e+00 9.812509068566565418e+01 1.126238207848136454e+02 7.619047619047618625e-01 8.260934630706107384e+01 5.304174470203459890e-01 2.306364251861882320e+00 4.539999999999999858e+01 7.358873566181208803e-01 5.841362896311076014e+01 6.943814476515586875e+01 1.188731910647210288e+00 2.639625202133359383e-01 2.897360538365800764e-01 1.826009540760243910e+00 2.882049542601312186e+00
2.000000000000000000e+00 5.000000000000000000e+00 1.000000000000000000e+00 1.000000000000000000e+00 7.086586712703119417e+01 9.343409835334027491e+01 5.833333333333333703e-01 8.315886788688810327e+01 5.139604300393580960e-01 2.187637969094922585e+00 1.097959183673469319e+01 7.514910536779324524e-01 5.880219939861479617e+01 1.025356020873820171e+02 1.743737532541979274e+00 1.295457297853339629e-01 1.450985061930927522e-01 1.941150740367530991e+00 2.998258460239033418e+00
3.000000000000000000e+00 5.000000000000000000e+00 1.000000000000000000e+00 0.000000000000000000e+00 6.448814298153085645e+01 7.804097979530257589e+01 4.179104477611940149e-01 6.917521949397438163e+01 7.438778067731113275e-01 3.748902546093064281e+00 9.208823529411766629e+01 7.702127659574468099e-01 4.891426679425713786e+01 7.616162716550670098e+01 1.557043213708123819e+00 2.006831994282530784e-01 2.290524457847591955e-01 1.843380106896756576e+00 2.977774858400658253e+00
3.000000000000000000e+00 5.000000000000000000e+00 1.000000000000000000e+00 0.000000000000000000e+00 4.543679291812178178e+01 4.660952098867676341e+01 3.484848484848485084e-01 4.117196893255334800e+01 6.180249769223412626e-01 2.994736842105263364e+00 2.262686567164179152e+01 7.141882673942701043e-01 2.911297842701032934e+01 6.180690897910706383e+01 2.123001915934650263e+00 1.831810333966725768e-01 2.037622256095665274e-01 1.767048387691120936e+00 3.006951432903886001e+00
0.000000000000000000e+00 5.000000000000000000e+00 0.000000000000000000e+00 0.000000000000000000e+00 6.063118569373830979e+01 7.995934976840916875e+01 3.773584905660377631e-01 7.217282064753527493e+01 5.517830236062281068e-01 5.613722998729351765e+00 6.724074074074074758e+01 5.769230769230768718e-01 5.103389089723265926e+01 7.498401361437800006e+01 1.469298387719915056e+00 1.712251329157357949e-01 1.995832104194005252e-01 1.807085814184648864e+00 3.057220916698863977e+00
0.000000000000000000e+00 5.000000000000000000e+00 0.000000000000000000e+00 0.000000000000000000e+00 5.186842425877946994e+01 6.939685084976500207e+01 2.317073170731707432e-01 6.437728825832034829e+01 6.012156010563171060e-01 5.819536423841059403e+00 1.402891566265060135e+02 6.637390213299874109e-01 4.552161708185941791e+01 5.863880771136242487e+01 1.288153002251984258e+00 2.373262390331102589e-01 2.489303915592923633e-01 1.818571433655282066e+00 2.880526404883413161e+00
1.000000000000000000e+00 5.000000000000000000e+00 0.000000000000000000e+00 1.000000000000000000e+00 1.597153591367813874e+02 2.271706722741753595e+02 9.268292682926829729e-01 1.561348312808923993e+02 3.913679424000471307e-01 1.919962037329958848e+00 3.503614457831325524e+01 6.431660747564963421e-01 1.104039979781364877e+02 1.015069509683057163e+02 9.194137243871125520e-01 2.732214402361192729e-01 3.284872557354050482e-01 1.820378024837693953e+00 2.888994176267548841e+00
1.000000000000000000e+00 5.000000000000000000e+00 0.000000000000000000e+00 1.000000000000000000e+00 1.364079254106370627e+02 1.894634011812383392e+02 8.275862068965517127e-01 1.459438474642221877e+02 4.665158327814209471e-01 2.059299895506792044e+00 4.607954545454545325e+01 6.929198274579800865e-01 1.031978842144066277e+02 9.197770657103005476e+01 8.912751193613113188e-01 2.951126894744980356e-01 3.477016420640062222e-01 1.831700351336843946e+00 2.869606504505392230e+00
2.000000000000000000e+00 5.000000000000000000e+00 1.000000000000000000e+00 1.000000000000000000e+00 6.971358612272348410e+01 9.269915695874135508e+01 3.928571428571428492e-01 8.543874953783827664e+01 5.749551479532728493e-01 1.896616541353383534e+00 2.510526315789473628e+01 8.138175546186278142e-01 6.041431917430444543e+01 7.971754902884002547e+01 1.319514150260352014e+00 1.687544528155840440e-01 1.939012656373310106e-01 1.920934234802013751e+00 2.969215115103329694e+00
2.000000000000000000e+00 5.000000000000000000e+00 1.000000000000000000e+00 1.000000000000000000e+00 7.215578967566925428e+01 9.286077654158593475e+01 3.846153846153846367e-01 8.441933080377049237e+01 7.223826613581559863e-01 3.541040462427745616e+00 4.147169811320754462e+01 7.468162522741055298e-01 5.969348127457651287e+01 8.853824289549200444e+01 1.483214599065450834e+00 1.686219908265846890e-01 1.960932804887288439e-01 1.802925367836928805e+00 3.064027509913083591e+00
3.000000000000000000e+00 5.000000000000000000e+00 1.000000000000000000e+00 0.000000000000000000e+00 6.846028533835830387e+01 9.187573855736719963e+01 4.150943396226415283e-01 8.346316208299265327e+01 6.054797681932401199e-01 3.607431340872374825e+00 2.988888888888888928e+01 6.395705521472392352e-01 5.901736788815603063e+01 8.983574414197639157e+01 1.522191642165817038e+00 1.403405727369562150e-01 1.574288529000399117e-01 1.874008126038867905e+00 3.024298847074005536e+00
3.000000000000000000e+00 5.000000000000000000e+00 1.000000000000000000e+00 0.000000000000000000e+00 1.326248697664314591e+02 1.616244664264949051e+02 8.275862068965517127e-01 1.225067091175939566e+02 3.234605796137826617e-01 1.781609195402298784e+00 3.400000000000000000e+01 7.138919067927159690e-01 8.662532475789852526e+01 1.143614339013007992e+02 1.320184763761861557e+00 3.405731742992301192e-01 4.088687248191689161e-01 1.803188316257941626e+00 2.841121857065459722e+00
0.000000000000000000e+00 6.000000000000000000e+00 0.000000000000000000e+00 0.000000000000000000e+00 5.697484881430446535e+01 8.638301273958353477e+01 2.777777777777777901e-01 8.106861802688760577e+01 5.776017284839747301e-01 4.058441558441558072e+00 3.425454545454545041e+01 6.972281449893390493e-01 5.732416954823420951e+01 6.923926316605481190e+01 1.207854622434519465e+00 1.978780639200747593e-01 2.328788361756208292e-01 1.908892884914369148e+00 2.956723791974576354e+00
0.000000000000000000e+00 6.000000000000000000e+00 0.000000000000000000e+00 0.000000000000000000e+00 8.553289209174791097e+01 9.683252828892977959e+01 8.030303030303029832e-01 7.017225070508237650e+01 3.556474842631203170e-01 3.898236092265943142e+00 9.564179104477611304e+01 5.476493011435832337e-01 4.961927432468623778e+01 7.774931211071579185e+01 1.566917557116196846e+00 2.612834522308197238e-01 3.229733510252092987e-01 1.882206284714216693e+00 2.931534241897086890e+00
1.000000000000000000e+00 6.000000000000000000e+00 0.000000000000000000e+00 1.000000000000000000e+00 1.665425513076758079e+02 1.896111980716894436e+02 8.676470588235294379e-01 1.378377541289949590e+02 2.566378031300761142e-01 2.091219096334185679e+00 3.710144927536232018e+01 6.828824599495334491e-01 9.746601064813636128e+01 1.294515569309992031e+02 1.328171288330804778e+00 2.598769933014964950e-01 3.241863637933112274e-01 1.887914420478309374e+00 2.919137486084257826e+00
1.000000000000000000e+00 6.000000000000000000e+00 0.000000000000000000e+00 1.000000000000000000e+00 1.316271835841710640e+02 1.781329243324853735e+02 7.638888888888888395e-01 1.457143908918257296e+02 3.238458623556518257e-01 1.695652173913043459e+00 1.665753424657534154e+01 7.085801643416778095e-01 1.030356339160772734e+02 1.032671174712030648e+02 1.002246635909614936e+00 2.576160369988120813e-01 3.202852321235975519e-01 1.890802064552053130e+00 2.910561976429256514e+00
2.000000000000000000e+00 6.000000000000000000e+00 1.000000000000000000e+00 1.000000000000000000e+00 1.367659904495670844e+02 1.855020457281416100e+02 6.406250000000000000e-01 1.464737400761005119e+02 5.165495457714716077e-01 1.762980769230769296e+00 2.441538461538461036e+01 8.066042771234387398e-01 1.035725748735664382e+02 1.220367898716125836e+02 1.178273206209132784e+00 2.532244882910184014e-01 3.178311037952074591e-01 1.912292760917635670e+00 2.896638271878020809e+00
2.000000000000000000e+00 6.000000000000000000e+00 1.000000000000000000e+00 1.000000000000000000e+00 6.459437785524282560e+01 7.081727590807821571e+01 5.000000000000000000e-01 6.308851841051158260e+01 6.200284044730076660e-01 4.146473779385171810e+00 1.008695652173912976e+02 6.856952465570856914e-01 4.461031918308508892e+01 6.453547529974470365e+01 1.446649037297510487e+00 2.680272216831653953e-01 3.336621364577148641e-01 1.855846091815411159e+00 2.952173710290633135e+00
3.000000000000000000e+00 6.000000000000000000e+00 1.000000000000000000e+00 0.000000000000000000e+00 3.270202409852010561e+01 3.269313119801862655e+01 1.571428571428571397e-01 3.025148481331874351e+01 3.478678778830857632e-01 2.902615694164989879e+00 6.659154929577464088e+01 7.798254122211445427e-01 2.139103005245954137e+01 4.686216687675978676e+01 2.190739144484142198e+00 2.505564412343454506e-01 2.978169264367622193e-01 1.882326721076295950e+00 2.916889970185406522e+00
3.000000000000000000e+00 6.000000000000000000e+00 1.000000000000000000e+00 0.000000000000000000e+00 4.283398279139073139e+01 5.644941085894831900e+01 2.676056338028168780e-01 5.151739794815960494e+01 7.848303846435262798e-01 5.355979525360632820e+00 1.300138888888888857e+02 7.745935519426839777e-01 3.642830143822958178e+01 5.651778049558429018e+01 1.551479982985752404e+00 2.834261956544218419e-01 3.537944750215260559e-01 1.874975562909403148e+00 2.922885797960522947e+00
0.000000000000000000e+00 6.000000000000000000e+00 0.000000000000000000e+00 0.000000000000000000e+00 4.113915151039770279e+01 5.660846840401863744e+01 2.112676056338028130e-01 5.267962594618110472e+01 6.772363441716887644e-01 4.713163064833006288e+00 5.250000000000000711e+01 6.606156274664561900e-01 3.725012073691544856e+01 6.081207812058816131e+01 1.632533718483291985e+00 2.180533004633177785e-01 2.491231929496693920e-01 1.874923428064691588e+00 2.925492370623286043e+00
0.000000000000000000e+00 6.000000000000000000e+00 0.000000000000000000e+00 0.000000000000000000e+00 2.950823134388520330e+01 4.483849699264220590e+01 1.866666666666666752e-01 4.176014791873174659e+01 4.678852594762272776e-01 3.447058823529411953e+00 2.463157894736842124e+01 6.286127167630057855e-01 2.952888377668850239e+01 4.479880171792449772e+01 1.517118021010018358e+00 2.864373470306045832e-01 3.438617076483803103e-01 1.855084246825821515e+00 2.908674457150730586e+00
1.000000000000000000e+00 6.000000000000000000e+00 0.000000000000000000e+00 1.000000000000000000e+00 6.551995188691286387e+01 1.035302063305268518e+02 4.124999999999999778e-01 9.740903116339670476e+01 6.343448470389120297e-01 6.950190114068441005e+00 1.931975308641975460e+02 6.144414168937329945e-01 6.887858648444954213e+01 5.625615030750894618e+01 8.167436815825145358e-01 3.192484993749044042e-01 3.777080374650845229e-01 1.829939384491414911e+00 2.882547969981803515e+00
1.000000000000000000e+00 6.000000000000000000e+00 0.000000000000000000e+00 1.000000000000000000e+00 1.015200341129956314e+02 1.645784831673754809e+02 3.478260869565217295e-01 1.581220640868050680e+02 6.081983966074099301e-01 3.859330143540669944e+00 8.537142857142856656e+01 7.054778821911529274e-01 1.118091837709937124e+02 8.323447770977296045e+01 7.444332826921701285e-01 2.724404692129939742e-01 3.416078254479345544e-01 1.880207341078293570e+00 2.932091582477494907e+00
2.000000000000000000e+00 6.000000000000000000e+00 1.000000000000000000e+00 1.000000000000000000e+00 6.242696625738239646e+01 8.044941949100376632e+01 4.411764705882352811e-01 7.245058151385264011e+01 6.299065626933477713e-01 2.580136402387041894e+00 5.372463768115942173e+01 7.524387999263758564e-01 5.123029748935391581e+01 6.339210274050764582e+01 1.237394780962984830e+00 2.749555854865937121e-01 3.437642086435199196e-01 1.836486847188268712e+00 2.961744703091161668e+00
2.000000000000000000e+00 6.000000000000000000e+00 1.000000000000000000e+00 1.000000000000000000e+00 7.747530352447293467e+01 7.759259553338057458e+01 5.352112676056337559e-01 6.670255177970376792e+01 5.654876342431844893e-01 2.153755868544600993e+00 4.095833333333332860e+01 8.063774490203918788e-01 4.716582668587534499e+01 7.502121793956401063e+01 1.590584183739759627e+00 2.690706968577610270e-01 3.191085266037433921e-01 1.859711672226565193e+00 2.915756104351858280e+00
3.000000000000000000e+00 6.000000000000000000e+00 1.000000000000000000e+00 0.000000000000000000e+00 4.998091160229506613e+01 5.428944919914719236e+01 2.650602409638554424e-01 4.990954728718063649e+01 6.522886170375287174e-01 2.934308663224325819e+00 8.027380952380951840e+01 7.556735634487250497e-01 3.529137933271607608e+01 5.984780190784206866e+01 1.695819291833728704e+00 3.414821443202419315e-01 4.070791427881632618e-01 1.810376152820829754e+00 2.878900555148454554e+00
3.000000000000000000e+00 6.000000000000000000e+00 1.000000000000000000e+00 0.000000000000000000e+00 3.557046410992089847e+01 5.375746601730351415e+01 9.756097560975610095e-02 5.137539977599477226e+01 5.513204808425777870e-01 3.630326182779900268e+00 1.078433734939759034e+02 7.741288208146612781e-01 3.632789356777573175e+01 4.838436632405579019e+01 1.331879213799905592e+00 3.262146768755622706e-01 3.857796421383217766e-01 1.822232535827911448e+00 2.879660915298182911e+00
0.000000000000000000e+00 6.000000000000000000e+00 0.000000000000000000e+00 0.000000000000000000e+00 1.573330800614090563e+01 3.523217878318212115e+01 5.555555555555555247e-02 3.381272924877697506e+01 8.244399298351618999e-01 2.603406326034063412e+00 1.805479452054794365e+01 7.625106022052586807e-01 2.390921014223491170e+01 2.999392359811217190e+01 1.254492449548920696e+00 2.229670515607255210e-01 2.525748484293286467e-01 1.867965325075083616e+00 2.921084762632770726e+00
0.000000000000000000e+00 6.000000000000000000e+00 0.000000000000000000e+00 0.000000000000000000e+00 2.063319661690818307e+01 4.499010688252840140e+01 9.333333333333333759e-02 4.350841009902410406e+01 5.551843339043922576e-01 3.159226190476190688e+00 1.909210526315789380e+01 6.611957796014068522e-01 3.076509181966521211e+01 3.941791444366835862e+01 1.281254568480508116e+00 2.924866814854076846e-01 3.556656318166625530e-01 1.856474128197802553e+00 2.910085811496117891e+00
1.000000000000000000e+00 6.000000000000000000e+00 0.000000000000000000e+00 1.000000000000000000e+00 1.054964380004551572e+02 1.488264168027187964e+02 7.183098591549296197e-01 1.259453813864246854e+02 4.063691515960260459e-01 2.017369727047146455e+00 2.277777777777777501e+01 6.525198938992042841e-01 8.905683323746686142e+01 9.445294998971273515e+01 1.060591832833953641e+00 2.780007323596567770e-01 3.415607855966711903e-01 1.861798159892861459e+00 2.910564201227145986e+00
1.000000000000000000e+00 6.000000000000000000e+00 0.000000000000000000e+00 1.000000000000000000e+00 1.189865204739681985e+02 1.719502797777987269e+02 8.356164383561643927e-01 1.443934839652498852e+02 3.377789881199554922e-01 1.856025039123630593e+00 2.956756756756756843e+01 7.199348966182409493e-01 1.021016116709792101e+02 9.960628236551906411e+01 9.755603338221408016e-01 2.786377311307940974e-01 3.473724086571662317e-01 1.867723262518413696e+00 2.902864972429220369e+00
2.000000000000000000e+00 6.000000000000000000e+00 1.000000000000000000e+00 1.000000000000000000e+00 8.238772791135588136e+01 9.475983638575087298e+01 5.822784810126582222e-01 8.114962065000905511e+01 6.779211644519743674e-01 4.081329113924050844e+00 1.217125000000000057e+02 7.134185303514376519e-01 5.738144705233728615e+01 6.923650989826475666e+01 1.206600973919575992e+00 3.168662547928715045e-01 3.681114914558920037e-01 1.822715419854874952e+00 2.863457987166338814e+00
2.000000000000000000e+00 6.000000000000000000e+00 1.000000000000000000e+00 1.000000000000000000e+00 6.965899629156918138e+01 1.201336219064064039e+02 2.976190476190476164e-01 1.152424882919757607e+02 6.177588902095854095e-01 2.178431372549019418e+00 4.949411764705882177e+01 7.598564700605516808e-01 8.148874495206736412e+01 5.826961532907271391e+01 7.150633546184517186e-01 3.459749550496941106e-01 4.070673018762690498e-01 1.809357611662979703e+00 2.869689851592072127e+00
3.000000000000000000e+00 6.000000000000000000e+00 1.000000000000000000e+00 0.000000000000000000e+00 5.979883335286554313e+01 7.544292969844075003e+01 1.686746987951807109e-01 7.109861373986895217e+01 8.041925307767130437e-01 4.279977051061388593e+00 1.361190476190476204e+02 7.470661450924608316e-01 5.027431190842438014e+01 6.086648964595187294e+01 1.210687672002778381e+00 2.670124336129106046e-01 2.905691890264391897e-01 1.822144453710617507e+00 2.880783558700440228e+00
3.000000000000000000e+00 6.000000000000000000e+00 1.000000000000000000e+00 0.000000000000000000e+00 2.299611444006813343e+01 2.599041427515802027e+01 1.279069767441860517e-01 2.396753527536013451e+01 7.160191780281348617e-01 4.042004773269689544e+00 7.325287356321838672e+01 7.382962394474290591e-01 1.694760672153493530e+01 3.188407747474299470e+01 1.881332154954282077e+00 3.083682496542613505e-01 3.370207537705613432e-01 1.790122044833363679e+00 2.866165550451572397e+00
0.000000000000000000e+00 7.000000000000000000e+00 0.000000000000000000e+00 0.000000000000000000e+00 1.866119368325811223e+01 4.980802695080299713e+01 1.805555555555555525e-01 4.805158503617248300e+01 7.226738816792329656e-01 5.248221906116643076e+00 8.182191780821918314e+01 7.203488372093023173e-01 3.397760162583959698e+01 4.253727415193894501e+01 1.251921033755066803e+00 2.817842125650488749e-01 3.430488414327558244e-01 1.865190534326880645e+00 2.915915132887719530e+00
0.000000000000000000e+00 7.000000000000000000e+00 0.000000000000000000e+00 0.000000000000000000e+00 4.037473894470424085e+01 7.718228308731342224e+01 2.602739726027397116e-01 7.371176379095317088e+01 4.517712462983490829e-01 2.074281150159744236e+00 1.817567567567567721e+01 6.945812807881773798e-01 5.212208802980399014e+01 5.993143159534501763e+01 1.149827910982299084e+00 2.750936623513652313e-01 3.315549852301469813e-01 1.864642997994491180e+00 2.912226510832762738e+00
1.000000000000000000e+00 7.000000000000000000e+00 0.000000000000000000e+00 1.000000000000000000e+00 1.060339048367820425e+02 1.538399037847667614e+02 6.753246753246753276e-01 1.313686431309858449e+02 3.843644820396198702e-01 1.919343814080656241e+00 3.448717948717948190e+01 7.787486604566812298e-01 9.289165839319565521e+01 7.758594322714226621e+01 8.352304670752380700e-01 2.924322164492162424e-01 3.625662537134177743e-01 1.864593376030085903e+00 2.896785723090065989e+00
1.000000000000000000e+00 7.000000000000000000e+00 0.000000000000000000e+00 1.000000000000000000e+00 1.360460753766174662e+02 1.241882040260202160e+02 6.986301369863013866e-01 9.925718688639774712e+01 3.111153692062574860e-01 2.259533506108848400e+00 4.597297297297298257e+01 6.386255924170616272e-01 7.018542992887228138e+01 1.037358866403319269e+02 1.478025948483332463e+00 2.840069693931761008e-01 3.473222745944239964e-01 1.851735449774701170e+00 2.902220123515360406e+00
2.000000000000000000e+00 7.000000000000000000e+00 1.000000000000000000e+00 1.000000000000000000e+00 4.618095022294425434e+01 7.576566205978362234e+01 3.421052631578947456e-01 7.129617238978403293e+01 6.567843772133964420e-01 5.637730690362269037e+00 1.762337662337662323e+02 7.342452369320957573e-01 5.041400696946138282e+01 5.142623531523144464e+01 1.020078315663010660e+00 3.045411087163524821e-01 3.748870525596018077e-01 1.850968332719671317e+00 2.905580350913375298e+00
2.000000000000000000e+00 7.000000000000000000e+00 1.000000000000000000e+00 1.000000000000000000e+00 6.989953491836482158e+01 9.687675480639930470e+01 4.025974025974026205e-01 8.871644462582210622e+01 6.951019492665119204e-01 5.291866028708134273e+00 1.610000000000000000e+02 6.973351488037347057e-01 6.273199959767965339e+01 6.590704904977377510e+01 1.050612916413580455e+00 2.922768236639006201e-01 3.577410363180109076e-01 1.860050090068326112e+00 2.907002977715031022e+00
3.000000000000000000e+00 7.000000000000000000e+00 1.000000000000000000e+00 0.000000000000000000e+00 3.664725088516166096e+01 4.691006976030279674e+01 2.058823529411764608e-01 4.293242260247049558e+01 7.874626307922290014e-01 6.235008103727714968e+00 9.362318840579710866e+01 7.564102564102563875e-01 3.035780715497348936e+01 4.748497818001617787e+01 1.564176817436458311e+00 2.085400169502184542e-01 2.402427670051123509e-01 1.866831767969040046e+00 2.955258824617986058e+00
3.000000000000000000e+00 7.000000000000000000e+00 1.000000000000000000e+00 0.000000000000000000e+00 5.973398046951296436e+01 7.549662449558319111e+01 3.283582089552238847e-01 7.043758175979188252e+01 7.656171111125534834e-01 3.482260974143114751e+00 6.070588235294117396e+01 7.314721831693110632e-01 4.980689171273069604e+01 6.467589786186678680e+01 1.298533107323690983e+00 1.885947348172590521e-01 2.063782951235084429e-01 1.822374936196395234e+00 2.977737775993759772e+00
0.000000000000000000e+00 7.000000000000000000e+00 0.000000000000000000e+00 0.000000000000000000e+00 1.493287841864031407e+01 2.478980373465203257e+01 9.890109890109889668e-02 2.272750240411645706e+01 6.158118262005879417e-01 3.041171813143309421e+00 2.802173913043477782e+01 6.623076923076922640e-01 1.607077106938430333e+01 2.319779846036849946e+01 1.443477625324498081e+00 3.567574594507216812e-01 3.993593860598819711e-01 1.779584554888198111e+00 2.846745143164949976e+00
0.000000000000000000e+00 7.000000000000000000e+00 0.000000000000000000e+00 0.000000000000000000e+00 2.599958773430294912e+01 4.239720836194723574e+01 2.696629213483145993e-01 3.853037974665333820e+01 3.904714869224836793e-01 3.960799385088393354e+00 4.279999999999999716e+01 6.192250372578241846e-01 2.724509280055138305e+01 2.953705486621116094e+01 1.084123848739960705e+00 3.600350492099042565e-01 4.139481620015942887e-01 1.766191069325642404e+00 2.868604476144275939e+00
1.000000000000000000e+00 7.000000000000000000e+00 0.000000000000000000e+00 1.000000000000000000e+00 6.621166971149747837e+01 1.170621171468591513e+02 7.500000000000000000e-01 9.360101291869003148e+01 4.381450911370267653e-01 2.740616246498599473e+00 6.982022471910111960e+01 7.264367030187002250e-01 6.618591096073535596e+01 4.292803841177949664e+01 6.485978328113737312e-01 3.453748336986381395e-01 4.004467790619988810e-01 1.785912045968355510e+00 2.863582248401856933e+00
1.000000000000000000e+00 7.000000000000000000e+00 0.000000000000000000e+00 1.000000000000000000e+00 7.924782474763971152e+01 1.203020771377855027e+02 6.941176470588235059e-01 1.019991896053995646e+02 4.040001697092857613e-01 1.925925925925925819e+00 2.558139534883720856e+01 6.801254944755149578e-01 7.212431864551044214e+01 7.043760736960238944e+01 9.766138341743205720e-01 3.396256904418009093e-01 3.929527323229845548e-01 1.796512424790633888e+00 2.869681108814168269e+00
2.000000000000000000e+00 7.000000000000000000e+00 1.000000000000000000e+00 1.000000000000000000e+00 4.118830171847880450e+01 7.146390192470914826e+01 6.250000000000000000e-01 5.880554225351261266e+01 4.339150903502338452e-01 1.903641456582632951e+00 3.624719101123595522e+01 7.458288231122391920e-01 4.158179769881082422e+01 2.619871458466103675e+01 6.300524757112720975e-01 3.482181269725702077e-01 4.054371120388106098e-01 1.798404456409337104e+00 2.856811347062235384e+00
2.000000000000000000e+00 7.000000000000000000e+00 1.000000000000000000e+00 1.000000000000000000e+00 8.323865869385561211e+01 1.177200096930879454e+02 8.089887640449437978e-01 9.870160863484858282e+01 4.215568792874622717e-01 2.395007342143906204e+00 5.277777777777777857e+01 6.516411593917622591e-01 6.979257677972211127e+01 7.274527643572854174e+01 1.042306786656203910e+00 3.483020998729185469e-01 4.155847558964342325e-01 1.803573547170836511e+00 2.847351637974030680e+00
3.000000000000000000e+00 7.000000000000000000e+00 1.000000000000000000e+00 0.000000000000000000e+00 5.669208043362060323e+01 6.565257259618016406e+01 3.614457831325301185e-01 5.905574224842504805e+01 8.074902974139631651e-01 2.228896103896103931e+00 9.011904761904760974e+00 7.992660550458715596e-01 4.175871581186623871e+01 5.028578030753667605e+01 1.204198436898468172e+00 2.907683716213504965e-01 3.346250206861421383e-01 1.831908622510006746e+00 2.890187987024060323e+00
3.000000000000000000e+00 7.000000000000000000e+00 1.000000000000000000e+00 0.000000000000000000e+00 2.291407175144077968e+01 2.705579660424553623e+01 7.777777777777777901e-02 2.555298558678514453e+01 5.759919830429545140e-01 3.141880341880341820e+00 9.638461538461538680e+01 8.296687030707537991e-01 1.806868938797788715e+01 2.832840614696464598e+01 1.567817429293633547e+00 2.501630259263614153e-01 2.554640415809256715e-01 1.809075763457224983e+00 2.846319517335821558e+00
0.000000000000000000e+00 7.000000000000000000e+00 0.000000000000000000e+00 0.000000000000000000e+00 3.240047181560314016e+01 5.167767508102540575e+01 2.916666666666666852e-01 4.807990439655449677e+01 6.832588242658387268e-01 4.121283255086072295e+00 1.092876712328767184e+02 6.838078291814946308e-01 3.399762643760458047e+01 4.346658656310211910e+01 1.278518270764454678e+00 2.865814940950012768e-01 3.561559981988196011e-01 1.873215187645089985e+00 2.919462085730441192e+00
0.000000000000000000e+00 7.000000000000000000e+00 0.000000000000000000e+00 0.000000000000000000e+00 2.265162424233535532e+01 4.529307398840263232e+01 1.486486486486486569e-01 4.320020018389207195e+01 5.985797548067245399e-01 3.672946495855312854e+00 4.729333333333332945e+01 6.569620253164556445e-01 3.054715449864642807e+01 4.083413229613086060e+01 1.336757317213957075e+00 2.729692548197725221e-01 3.343035531717524766e-01 1.874149541032330557e+00 2.924858509133906992e+00
1.000000000000000000e+00 7.000000000000000000e+00 0.000000000000000000e+00 1.000000000000000000e+00 1.054271667073703611e+02 1.505943834492863118e+02 8.611111111111111605e-01 1.182232450485803952e+02 3.310156864674637101e-01 1.740106544901065533e+00 2.664383561643835563e+01 7.941699544144401601e-01 8.359645826773011379e+01 8.182654735396563694e+01 9.788279198611971044e-01 2.804350137527051867e-01 3.476258215138304797e-01 1.874332878154343129e+00 2.904149173517677873e+00
1.000000000000000000e+00 7.000000000000000000e+00 0.000000000000000000e+00 1.000000000000000000e+00 1.107644390200827189e+02 1.658383728540207755e+02 8.918918918918918859e-01 1.309282876023098652e+02 1.546690321346184116e-01 1.476036036036036059e+00 1.761333333333333329e+01 7.702160278745644462e-01 9.258028001273588359e+01 7.737674071777819051e+01 8.357799383101217616e-01 2.901865989067590745e-01 3.599030679897324281e-01 1.845544380444100740e+00 2.902449323886807875e+00
2.000000000000000000e+00 7.000000000000000000e+00 1.000000000000000000e+00 1.000000000000000000e+00 1.041153097105427605e+02 1.136673770954640190e+02 7.662337662337662669e-01 9.354349168761702060e+01 4.044715033156038309e-01 1.749583749583749626e+00 2.885897435897435770e+01 8.084999292196863863e-01 6.614523730818143576e+01 8.446669546348731217e+01 1.276988319959352802e+00 3.004587969370922651e-01 3.695295283525379393e-01 1.849850920149089584e+00 2.889616725885193915e+00
2.000000000000000000e+00 7.000000000000000000e+00 1.000000000000000000e+00 1.000000000000000000e+00 7.929723749079904849e+01 1.232622837811945544e+02 7.721518987341772222e-01 1.048089914561982567e+02 2.571734380403614129e-01 1.673734177215189911e+00 2.661250000000000071e+01 8.016512756299890574e-01 7.411114858800070238e+01 5.242993275677579135e+01 7.074500092859806744e-01 3.027097195540819907e-01 3.665719967511056332e-01 1.837358759835530542e+00 2.889394687448681776e+00
3.000000000000000000e+00 7.000000000000000000e+00 1.000000000000000000e+00 0.000000000000000000e+00 3.180495385837803823e+01 4.201017617795331205e+01 1.898734177215190000e-01 3.920163370333025910e+01 7.475186028668506788e-01 3.191881918819188257e+00 1.484999999999999964e+01 7.156983930778739733e-01 2.771974102521593508e+01 3.916137966906958212e+01 1.412761383067954402e+00 2.477782452536099189e-01 2.739054957268901580e-01 1.840385251934765209e+00 2.896144784531933247e+00
3.000000000000000000e+00 7.000000000000000000e+00 1.000000000000000000e+00 0.000000000000000000e+00 3.849046620712029920e+01 5.579983957569182706e+01 2.533333333333333548e-01 5.169158450314926512e+01 6.122891627752677923e-01 3.190174326465927024e+00 3.636842105263158231e+01 7.362549800796812649e-01 3.655146993245430309e+01 5.151781433639375507e+01 1.409459439841863393e+00 1.862220423411778125e-01 1.985979607193998908e-01 1.855022616210838970e+00 2.909110927980496086e+00
0.000000000000000000e+00 8.000000000000000000e+00 0.000000000000000000e+00 0.000000000000000000e+00 4.721535963659299995e+01 4.927187637852514968e+01 4.057971014492753881e-01 4.263879903056546539e+01 3.203398300849574221e-01 2.278481012658228000e+00 2.885714285714285676e+00 4.883720930232557933e-01 3.015018393616322001e+01 5.244441345089880713e+01 1.739439253901037929e+00 1.286104731639750032e-01 1.360868938898919522e-01 1.904979888349241479e+00 2.954968315550489333e+00
0.000000000000000000e+00 8.000000000000000000e+00 0.000000000000000000e+00 0.000000000000000000e+00 3.491422156933297316e+01 5.109099798964420813e+01 2.361111111111111049e-01 4.674504164224551062e+01 6.881406055717980141e-01 6.739313984168865623e+00 1.489863013698630141e+02 6.093023255813952987e-01 3.305373593207934135e+01 4.540961616142982393e+01 1.373811912055570073e+00 2.717661140330746017e-01 3.309671295932341550e-01 1.874652440357256422e+00 2.921005336984704215e+00
1.000000000000000000e+00 8.000000000000000000e+00 0.000000000000000000e+00 1.000000000000000000e+00 1.110928809845024574e+02 1.373882306230534880e+02 7.702702702702702853e-01 1.094735282813947208e+02 5.394831801891837308e-01 2.130090090090090094e+00 4.181333333333333258e+01 7.594844103814666347e-01 7.740947420819148306e+01 9.940826478862763338e+01 1.284187314349543030e+00 2.883944231358069321e-01 3.579951649866606744e-01 1.860339187796078209e+00 2.908006921850494919e+00
1.000000000000000000e+00 8.000000000000000000e+00 0.000000000000000000e+00 1.000000000000000000e+00 1.002241697333610091e+02 1.591158559538693567e+02 8.309859154929577496e-01 1.260943982269882611e+02 4.278694722759482927e-01 2.125195618153364663e+00 3.994444444444444287e+01 6.922305045871559592e-01 8.916220405594037857e+01 6.878972156953408046e+01 7.715121255456560689e-01 2.784523572269055891e-01 3.486920929924310908e-01 1.900817212020902813e+00 2.881104296408302012e+00
2.000000000000000000e+00 8.000000000000000000e+00 1.000000000000000000e+00 1.000000000000000000e+00 8.074152788892992305e+01 7.098418827558738542e+01 4.366197183098591283e-01 6.236878557577256288e+01 6.411280730309024678e-01 4.549872122762148585e+00 1.156666666666666714e+02 7.202822507689524700e-01 4.410139121499851456e+01 6.642667588095308417e+01 1.506226312841621340e+00 2.473804770700104017e-01 3.007088050570753124e-01 1.853452943844445588e+00 2.961848534752448359e+00
2.000000000000000000e+00 8.000000000000000000e+00 1.000000000000000000e+00 1.000000000000000000e+00 1.237672066310489924e+02 1.323880728821667390e+02 5.909090909090909394e-01 1.072319396926262698e+02 4.530399082451568860e-01 1.696969696969697017e+00 2.300000000000000000e+01 7.835708431377733652e-01 7.582443171644293045e+01 8.751168059894860107e+01 1.154135660735472690e+00 2.296809106921415267e-01 2.800654149447920904e-01 1.894728632753024167e+00 2.955769381246780902e+00
3.000000000000000000e+00 8.000000000000000000e+00 1.000000000000000000e+00 0.000000000000000000e+00 5.178347987083148496e+01 5.400864452987740805e+01 2.153846153846153966e-01 5.013137179340607474e+01 4.655129930864037591e-01 1.599533799533799483e+00 1.948484848484848087e+01 8.106427557618222091e-01 3.544823294530144864e+01 6.075163109101352177e+01 1.713812679598348154e+00 2.222646228663086032e-01 2.641318969010743589e-01 1.882709740769349160e+00 2.959634325995618820e+00
3.000000000000000000e+00 8.000000000000000000e+00 1.000000000000000000e+00 0.000000000000000000e+00 3.432855922969733342e+01 3.936217046207698900e+01 1.486486486486486569e-01 3.612533726559556868e+01 4.868313701655159753e-01 1.859099099099099206e+00 3.178666666666666529e+01 7.723920928109913042e-01 2.554447095315371641e+01 4.504263280254305357e+01 1.763302629565013380e+00 2.899030722568013418e-01 3.531489850086855786e-01 1.859975122411527515e+00 2.913318713727930831e+00
0.000000000000000000e+00 8.000000000000000000e+00 0.000000000000000000e+00 0.000000000000000000e+00 7.552104456417374934e+01 5.871358669725008639e+01 3.404255319148936088e-01 5.425335687585958055e+01 5.386191112032729933e-01 3.194719471947194744e+00 4.156249999999999289e+01 6.992619926199261648e-01 3.836291654905410553e+01 9.914277535144351816e+01 2.584338842555703231e+00 1.720159998192805628e-01 2.065737150710928727e-01 1.944196209861073443e+00 2.998706047265128571e+00
0.000000000000000000e+00 8.000000000000000000e+00 0.000000000000000000e+00 0.000000000000000000e+00 4.930597045779263254e+01 6.037644619617447717e+01 3.469387755102040782e-01 5.666123993286798566e+01 4.070067548765997079e-01 1.631836734693877577e+00 1.547999999999999687e+01 7.990989034849635964e-01 4.006554698696895400e+01 9.041614785447075064e+01 2.256705689900551981e+00 1.843344211038551173e-01 2.241581112089278960e-01 1.945257015864209738e+00 2.989363454515211682e+00
1.000000000000000000e+00 8.000000000000000000e+00 0.000000000000000000e+00 1.000000000000000000e+00 2.352810336167038088e+02 2.934006106265553626e+02 9.538461538461538991e-01 1.996400928860157080e+02 3.824332534547295048e-01 1.959037378392217033e+00 2.837878787878787534e+01 6.480108909393434979e-01 1.411668634764139370e+02 1.373613357902323742e+02 9.730423444109644882e-01 2.320913702874820850e-01 2.849369355745662857e-01 1.909514005335245512e+00 2.883015085480228556e+00
1.000000000000000000e+00 8.000000000000000000e+00 0.000000000000000000e+00 1.000000000000000000e+00 1.768159309619823034e+02 2.249017051005675967e+02 9.354838709677418818e-01 1.589555231115895992e+02 3.109644674285866883e-01 2.419053185271770712e+00 3.853968253968253777e+01 6.528319192845677410e-01 1.123985282992599792e+02 1.323294696221084052e+02 1.177323863794572878e+00 2.249924916693117338e-01 2.793583860569744948e-01 1.894345162069560606e+00 2.933166440466414837e+00
2.000000000000000000e+00 8.000000000000000000e+00 1.000000000000000000e+00 1.000000000000000000e+00 8.573560370450503854e+01 9.105061642242090159e+01 6.896551724137931494e-01 7.709772187953331013e+01 6.258427884824973031e-01 3.277568922305764243e+00 6.161016949152542566e+01 7.362036790189282476e-01 5.451632195505245448e+01 8.312823490989779884e+01 1.524832048985902855e+00 2.221554160259382460e-01 2.703044178516589291e-01 1.934435080661131678e+00 2.923100367856765747e+00
2.000000000000000000e+00 8.000000000000000000e+00 1.000000000000000000e+00 1.000000000000000000e+00 5.415498683893314080e+01 7.319756718005270102e+01 6.607142857142856984e-01 6.241114052978753790e+01 5.709656820198180105e-01 2.654088050314465264e+00 4.152631578947368496e+01 7.505499340079190285e-01 4.413134069019934458e+01 8.281618824922793465e+01 1.876584462515993534e+00 2.110139677603397879e-01 2.639061306993567002e-01 1.907215726439799086e+00 2.982759232971226027e+00
3.000000000000000000e+00 8.000000000000000000e+00 1.000000000000000000e+00 0.000000000000000000e+00 5.389959762479966088e+01 9.522338196770242291e+01 6.226415094339622369e-01 8.341874551761888767e+01 6.685452462772053517e-01 2.899129172714078440e+00 4.846296296296296191e+01 7.569721115537848544e-01 5.898596063358322539e+01 8.827559678089252770e+01 1.496552668341786019e+00 2.070560040801497359e-01 2.580520410532305964e-01 1.963957159766975380e+00 2.935943296689812687e+00
3.000000000000000000e+00 8.000000000000000000e+00 1.000000000000000000e+00 0.000000000000000000e+00 6.785808875933572892e+01 5.476544758235029775e+01 2.727272727272727071e-01 4.976280191508321593e+01 6.991240888205739745e-01 2.492857142857142883e+00 4.105357142857143771e+01 8.130182421227197809e-01 3.518761468499825895e+01 8.603408640754217629e+01 2.445010472512124888e+00 2.008938900021262630e-01 2.470098398029378639e-01 1.930294403689035931e+00 2.969350212783290033e+00
0.000000000000000000e+00 8.000000000000000000e+00 0.000000000000000000e+00 0.000000000000000000e+00 3.565349899080069207e+01 5.880539846044201369e+01 1.549295774647887203e-01 5.549752780373501082e+01 7.837583093560850367e-01 5.600422832980972210e+00 1.208888888888888573e+02 7.581818181818181790e-01 3.924267824910998570e+01 5.393220888960164672e+01 1.374325384909854231e+00 1.942959748402318942e-01 2.101632086206333405e-01 1.873714434578554355e+00 2.922392319223411139e+00
0.000000000000000000e+00 8.000000000000000000e+00 0.000000000000000000e+00 0.000000000000000000e+00 2.773869408663415470e+01 3.735750362500446897e+01 2.083333333333333426e-01 3.406551277309981174e+01 5.771253896013567308e-01 3.369202226345083595e+00 6.997260273972602818e+01 7.190406265296133137e-01 2.408795508645582828e+01 4.007368820764489925e+01 1.663640108253835459e+00 2.615800094020123701e-01 3.113587742360520161e-01 1.869668814999895234e+00 2.919885277341905283e+00
1.000000000000000000e+00 8.000000000000000000e+00 0.000000000000000000e+00 1.000000000000000000e+00 1.281135035228536196e+02 1.595432610803391356e+02 7.375000000000000444e-01 1.312043743593426370e+02 5.526292283155741503e-01 3.352316192095197600e+00 6.833333333333332860e+01 6.922837585563160756e-01 9.277550283082955218e+01 7.970830522625905701e+01 8.591525003276163641e-01 2.108592826725235736e-01 2.360214818379579027e-01 1.847306277545021969e+00 2.935614279057085607e+00
1.000000000000000000e+00 8.000000000000000000e+00 0.000000000000000000e+00 1.000000000000000000e+00 1.119075799629424068e+02 1.270872528723388939e+02 6.219512195121951192e-01 1.096058544263025141e+02 5.258924067780447187e-01 2.868238557558945967e+00 4.868674698795180689e+01 6.681514476614699438e-01 7.750304292258407202e+01 8.091402102721488632e+01 1.044010892682471381e+00 2.085734931201475573e-01 2.281059207556897506e-01 1.868241235743106632e+00 2.906331666691554627e+00
2.000000000000000000e+00 8.000000000000000000e+00 1.000000000000000000e+00 1.000000000000000000e+00 9.798225074315620020e+01 1.080388214608577044e+02 6.710526315789473450e-01 8.896227300535393567e+01 6.620430599918851744e-01 3.100820232399179588e+00 7.983116883116882434e+01 7.463923724445971075e-01 6.290582651185471263e+01 6.918941639666667243e+01 1.099888837540792919e+00 2.380859698552805492e-01 2.708581705073854762e-01 1.855377321380033528e+00 2.917047147316080835e+00
2.000000000000000000e+00 8.000000000000000000e+00 1.000000000000000000e+00 1.000000000000000000e+00 6.394360437398214714e+01 9.201143332366729055e+01 6.172839506172839164e-01 7.597054145966038163e+01 5.456704124121916077e-01 2.879938271604938205e+00 7.428048780487803526e+01 7.010973586831695803e-01 5.371928503653960973e+01 4.950438512877944675e+01 9.215384213529050905e-01 3.274548913307795961e-01 3.948648765509748526e-01 1.841244868199038986e+00 2.863227988270333757e+00
3.000000000000000000e+00 8.000000000000000000e+00 1.000000000000000000e+00 0.000000000000000000e+00 3.062087284565073730e+01 4.427107879691673986e+01 2.337662337662337608e-01 4.113560331277205506e+01 7.438180037752368801e-01 2.821000000000000174e+00 2.334615384615384670e+01 7.522545090180360328e-01 2.908726405066092369e+01 3.876912445824225273e+01 1.332855657744865807e+00 1.566133740956738574e-01 1.552727827098523139e-01 1.856841983806854612e+00 2.910664952916280246e+00
3.000000000000000000e+00 8.000000000000000000e+00 1.000000000000000000e+00 0.000000000000000000e+00 2.692539003343574322e+01 3.295614742633124195e+01 1.600000000000000033e-01 3.087965966484657798e+01 7.932381040269271821e-01 3.802060338484179347e+00 5.010526315789473983e+01 7.187789084181314125e-01 2.183521674974572946e+01 3.727955413330337109e+01 1.707313216102491538e+00 2.409724717893462209e-01 2.721721205458476067e-01 1.858004693582667510e+00 2.911612627862045777e+00
